1 6P9X_CASA2_Bt_141_156 1 262 1.99
1 6P9X_CASA2_Bt_141_156 2 264 2.15
1 6P9X_CASA2_Bt_141_156 3 269 2.02
1 6P9X_CASA2_Bt_141_156 4 270 1.30
1 6P9X_CASA2_Bt_141_156 5 270 1.35
1 6P9X_CASA2_Bt_81_89 1 270 1.29
1 6P9X_CASA2_Bt_81_89 2 270 1.30
1 6P9X_CASA2_Bt_81_89 3 268 2.12
1 6P9X_CASA2_Bt_81_89 4 262 2.07
1 6P9X_CASA2_Bt_81_89 5 264 1.96
1 6PB0_CASA1_Hs_114_129 1 281 1.49
1 6PB0_CASA1_Hs_114_129 2 275 2.15
1 6PB0_CASA1_Hs_114_129 3 271 2.08
1 6PB0_CASA1_Hs_114_129 4 281 1.52
1 6PB0_CASA1_Hs_114_129 5 271 2.29
1 6PB0_CASA1_Hs_29_33 1 281 1.48
1 6PB0_CASA1_Hs_29_33 2 280 2.01
1 6PB0_CASA1_Hs_29_33 3 272 2.25
1 6PB0_CASA1_Hs_29_33 4 281 1.50
1 6PB0_CASA1_Hs_29_33 5 275 2.17
1 6PB0_CASA1_Hs_86_88 1 280 2.13
1 6PB0_CASA1_Hs_86_88 2 274 2.41
1 6PB0_CASA1_Hs_86_88 3 274 2.27
1 6PB0_CASA1_Hs_86_88 4 281 1.54
1 6PB0_CASA1_Hs_86_88 5 281 1.80
1 6PB0_CASA2_Bt_160_178 1 281 1.47
1 6PB0_CASA2_Bt_160_178 2 271 2.19
1 6PB0_CASA2_Bt_160_178 3 281 1.49
1 6PB0_CASA2_Bt_160_178 4 281 1.92
1 6PB0_CASA2_Bt_160_178 5 273 2.23
1 6PB0_CASA2_Bt_172_178 1 273 2.29
1 6PB0_CASA2_Bt_172_178 2 277 2.21
1 6PB0_CASA2_Bt_172_178 3 274 2.24
1 6PB0_CASA2_Bt_172_178 4 281 1.42
1 6PB0_CASA2_Bt_172_178 5 281 1.51
1 6PB0_CASA2_Bt_3_23 1 280 2.40
1 6PB0_CASA2_Bt_3_23 2 280 1.85
1 6PB0_CASA2_Bt_3_23 3 280 2.04
1 6PB0_CASA2_Bt_3_23 4 280 2.29
1 6PB0_CASA2_Bt_3_23 5 280 1.81
1 6PB0_CASA2_Bt_44_46 1 274 2.22
1 6PB0_CASA2_Bt_44_46 2 272 2.15
1 6PB0_CASA2_Bt_44_46 3 277 2.14
1 6PB0_CASA2_Bt_44_46 4 281 1.51
1 6PB0_CASA2_Bt_44_46 5 281 1.49
1 6PB0_CASB_Hs_44_55 1 281 1.88
1 6PB0_CASB_Hs_44_55 2 274 2.24
1 6PB0_CASB_Hs_44_55 3 273 2.25
1 6PB0_CASB_Hs_44_55 4 281 1.44
1 6PB0_CASB_Hs_44_55 5 281 1.50
1 7TS0_CASA1_Hs_114_129 1 286 2.72
1 7TS0_CASA1_Hs_114_129 2 296 2.29
1 7TS0_CASA1_Hs_114_129 3 287 2.75
1 7TS0_CASA1_Hs_114_129 4 296 2.45
1 7TS0_CASA1_Hs_114_129 5 290 2.61
1 7TS0_CASA1_Hs_29_33 1 284 2.84
1 7TS0_CASA1_Hs_29_33 2 295 3.05
1 7TS0_CASA1_Hs_29_33 3 285 2.80
1 7TS0_CASA1_Hs_29_33 4 285 3.11
1 7TS0_CASA1_Hs_29_33 5 292 2.55
1 7TS0_CASA1_Hs_86_88 1 287 2.79
1 7TS0_CASA1_Hs_86_88 2 286 3.13
1 7TS0_CASA1_Hs_86_88 3 295 2.69
1 7TS0_CASA1_Hs_86_88 4 286 2.99
1 7TS0_CASA1_Hs_86_88 5 293 2.38
1 7TS0_CASA2_Bt_160_178 1 284 2.78
1 7TS0_CASA2_Bt_160_178 2 294 2.25
1 7TS0_CASA2_Bt_160_178 3 294 2.34
1 7TS0_CASA2_Bt_160_178 4 295 2.76
1 7TS0_CASA2_Bt_160_178 5 287 2.66
1 7TS0_CASA2_Bt_172_178 1 285 2.64
1 7TS0_CASA2_Bt_172_178 2 294 2.20
1 7TS0_CASA2_Bt_172_178 3 286 2.87
1 7TS0_CASA2_Bt_172_178 4 294 2.49
1 7TS0_CASA2_Bt_172_178 5 295 2.42
1 7TS0_CASA2_Bt_3_23 1 293 2.83
1 7TS0_CASA2_Bt_3_23 2 293 2.81
1 7TS0_CASA2_Bt_3_23 3 294 2.75
1 7TS0_CASA2_Bt_3_23 4 285 2.59
1 7TS0_CASA2_Bt_3_23 5 285 2.90
1 7TS0_CASA2_Bt_44_46 1 284 2.69
1 7TS0_CASA2_Bt_44_46 2 285 3.09
1 7TS0_CASA2_Bt_44_46 3 292 2.52
1 7TS0_CASA2_Bt_44_46 4 285 2.97
1 7TS0_CASA2_Bt_44_46 5 293 2.47
1 7TS0_CASB_Hs_44_55 1 286 2.78
1 7TS0_CASB_Hs_44_55 2 294 2.39
1 7TS0_CASB_Hs_44_55 3 294 2.15
1 7TS0_CASB_Hs_44_55 4 285 2.80
1 7TS0_CASB_Hs_44_55 5 294 2.16
2 8F7S_CASB_Bt_106_109 1 286 2.89
2 8F7S_CASB_Bt_106_109 2 289 2.68
2 8F7S_CASB_Bt_106_109 3 286 2.89
2 8F7S_CASB_Bt_106_109 4 289 2.68
2 8F7S_CASB_Bt_106_109 5 289 2.81
8 7F9Z_CASA1_Bt_178_180 1 282 1.17
8 7F9Z_CASA1_Bt_178_180 2 282 1.18
8 7F9Z_CASA1_Bt_178_180 3 282 1.18
8 7F9Z_CASA1_Bt_178_180 4 282 1.16
8 7F9Z_CASA1_Bt_178_180 5 282 1.17
8 7F9Z_CASA1_Hs_149_151 1 282 1.16
8 7F9Z_CASA1_Hs_149_151 2 282 1.18
8 7F9Z_CASA1_Hs_149_151 3 282 1.17
8 7F9Z_CASA1_Hs_149_151 4 282 1.17
8 7F9Z_CASA1_Hs_149_151 5 282 1.17
7 6B3J_CASA1_Bt_176_178 1 373 2.90
7 6B3J_CASA1_Bt_176_178 2 372 2.72
7 6B3J_CASA1_Bt_176_178 3 373 3.05
7 6B3J_CASA1_Bt_176_178 4 372 2.93
7 6B3J_CASA1_Bt_176_178 5 367 3.16
7 6B3J_CASA1_Bt_73_80 1 372 2.96
7 6B3J_CASA1_Bt_73_80 2 373 2.80
7 6B3J_CASA1_Bt_73_80 3 373 2.87
7 6B3J_CASA1_Bt_73_80 4 370 3.09
7 6B3J_CASA1_Bt_73_80 5 373 3.07
7 7LLL_CASB_Bt_154_159 1 350 4.05
7 7LLL_CASB_Bt_154_159 2 352 3.67
7 7LLL_CASB_Bt_154_159 3 354 3.69
7 7LLL_CASB_Bt_154_159 4 354 3.64
7 7LLL_CASB_Bt_154_159 5 351 3.50
7 7LLL_CASB_Bt_48_59 1 354 3.75
7 7LLL_CASB_Bt_48_59 2 355 3.66
7 7LLL_CASB_Bt_48_59 3 351 3.66
7 7LLL_CASB_Bt_48_59 4 355 3.61
7 7LLL_CASB_Bt_48_59 5 353 3.72
7 7S1M_CASA1_Bt_164_178 1 367 3.73
7 7S1M_CASA1_Bt_164_178 2 370 3.84
7 7S1M_CASA1_Bt_164_178 3 368 3.84
7 7S1M_CASA1_Bt_164_178 4 368 3.77
7 7S1M_CASA1_Bt_164_178 5 369 3.72
7 7S1M_CASA1_Bt_73_80 1 366 3.67
7 7S1M_CASA1_Bt_73_80 2 369 3.56
7 7S1M_CASA1_Bt_73_80 3 367 3.56
7 7S1M_CASA1_Bt_73_80 4 365 3.59
7 7S1M_CASA1_Bt_73_80 5 370 3.70
7 7S1M_CASA2_Bt_72_89 1 364 3.66
7 7S1M_CASA2_Bt_72_89 2 369 3.62
7 7S1M_CASA2_Bt_72_89 3 368 3.78
7 7S1M_CASA2_Bt_72_89 4 372 3.67
7 7S1M_CASA2_Bt_72_89 5 368 3.68
7 7D68_CASA1_Bt_193_201 1 292 1.65
7 7D68_CASA1_Bt_193_201 2 292 1.73
7 7D68_CASA1_Bt_193_201 3 292 1.64
7 7D68_CASA1_Bt_193_201 4 292 1.64
7 7D68_CASA1_Bt_193_201 5 292 1.64
7 7D68_CASA1_Hs_139_150 1 292 1.64
7 7D68_CASA1_Hs_139_150 2 292 1.65
7 7D68_CASA1_Hs_139_150 3 292 1.66
7 7D68_CASA1_Hs_139_150 4 292 1.65
7 7D68_CASA1_Hs_139_150 5 292 1.68
7 7D68_CASA1_Hs_85_92 1 292 1.69
7 7D68_CASA1_Hs_85_92 2 292 1.72
7 7D68_CASA1_Hs_85_92 3 292 1.78
7 7D68_CASA1_Hs_85_92 4 292 1.73
7 7D68_CASA1_Hs_85_92 5 292 1.72
7 7D68_CASA1_Hs_89_94 1 292 1.65
7 7D68_CASA1_Hs_89_94 2 292 1.66
7 7D68_CASA1_Hs_89_94 3 292 1.71
7 7D68_CASA1_Hs_89_94 4 292 1.71
7 7D68_CASA1_Hs_89_94 5 292 1.75
2 8F7W_CASA1_Bt_106_110 1 286 2.66
2 8F7W_CASA1_Bt_106_110 2 286 2.60
2 8F7W_CASA1_Bt_106_110 3 286 2.63
2 8F7W_CASA1_Bt_106_110 4 286 2.55
2 8F7W_CASA1_Bt_106_110 5 286 2.54
2 8F7W_CASA1_Bt_106_113 1 286 2.62
2 8F7W_CASA1_Bt_106_113 2 286 2.56
2 8F7W_CASA1_Bt_106_113 3 286 2.58
2 8F7W_CASA1_Bt_106_113 4 286 2.67
2 8F7W_CASA1_Bt_106_113 5 286 2.64
2 8F7W_CASA2_Bt_178_182 1 286 2.59
2 8F7W_CASA2_Bt_178_182 2 286 2.66
2 8F7W_CASA2_Bt_178_182 3 286 2.54
2 8F7W_CASA2_Bt_178_182 4 286 2.63
2 8F7W_CASA2_Bt_178_182 5 286 2.53
2 8F7Q_CASA1_Bt_202_213 1 287 2.47
2 8F7Q_CASA1_Bt_202_213 2 287 2.27
2 8F7Q_CASA1_Bt_202_213 3 287 2.48
2 8F7Q_CASA1_Bt_202_213 4 287 2.39
2 8F7Q_CASA1_Bt_202_213 5 287 2.49
2 8F7Q_CASA2_Bt_41_62 1 287 2.30
2 8F7Q_CASA2_Bt_41_62 2 287 2.52
2 8F7Q_CASA2_Bt_41_62 3 287 2.42
2 8F7Q_CASA2_Bt_41_62 4 287 2.40
2 8F7Q_CASA2_Bt_41_62 5 287 2.30
2 8F7Q_CASB_Bt_48_56 1 287 2.45
2 8F7Q_CASB_Bt_48_56 2 287 2.29
2 8F7Q_CASB_Bt_48_56 3 287 2.36
2 8F7Q_CASB_Bt_48_56 4 287 2.43
2 8F7Q_CASB_Bt_48_56 5 287 2.42
2 8F7Q_CASB_Bt_93_98 1 287 2.44
2 8F7Q_CASB_Bt_93_98 2 287 2.28
2 8F7Q_CASB_Bt_93_98 3 287 2.45
2 8F7Q_CASB_Bt_93_98 4 287 2.50
2 8F7Q_CASB_Bt_93_98 5 287 2.42
2 8F7R_CASA1_Hs_145_147 1 287 2.31
2 8F7R_CASA1_Hs_145_147 2 287 2.52
2 8F7R_CASA1_Hs_145_147 3 287 2.50
2 8F7R_CASA1_Hs_145_147 4 287 2.42
2 8F7R_CASA1_Hs_145_147 5 287 2.53
2 8F7R_CASB_Hs_56_59 1 286 2.32
2 8F7R_CASB_Hs_56_59 2 287 2.23
2 8F7R_CASB_Hs_56_59 3 287 2.36
2 8F7R_CASB_Hs_56_59 4 287 2.33
2 8F7R_CASB_Hs_56_59 5 287 2.39
2 8F7R_CASK_Hs_55_58 1 286 2.32
2 8F7R_CASK_Hs_55_58 2 287 2.24
2 8F7R_CASK_Hs_55_58 3 287 2.35
2 8F7R_CASK_Hs_55_58 4 287 2.37
2 8F7R_CASK_Hs_55_58 5 287 2.31
4 7RMG_CASA1_Bt_16_18 1 289 1.82
4 7RMG_CASA1_Bt_16_18 2 289 1.90
4 7RMG_CASA1_Bt_16_18 3 289 1.87
4 7RMG_CASA1_Bt_16_18 4 289 1.83
4 7RMG_CASA1_Bt_16_18 5 289 1.87
4 7RMG_CASA1_Bt_166_171 1 289 1.90
4 7RMG_CASA1_Bt_166_171 2 289 1.85
4 7RMG_CASA1_Bt_166_171 3 289 1.76
4 7RMG_CASA1_Bt_166_171 4 289 1.84
4 7RMG_CASA1_Bt_166_171 5 289 1.85
4 7RMG_CASA1_Bt_167_171 1 289 1.81
4 7RMG_CASA1_Bt_167_171 2 289 1.80
4 7RMG_CASA1_Bt_167_171 3 289 1.88
4 7RMG_CASA1_Bt_167_171 4 289 1.75
4 7RMG_CASA1_Bt_167_171 5 289 1.81
4 7RMG_CASA1_Bt_37_39 1 289 1.81
4 7RMG_CASA1_Bt_37_39 2 289 1.90
4 7RMG_CASA1_Bt_37_39 3 289 1.87
4 7RMG_CASA1_Bt_37_39 4 289 1.81
4 7RMG_CASA1_Bt_37_39 5 289 1.87
4 7RMG_CASA1_Bt_45_48 1 289 1.88
4 7RMG_CASA1_Bt_45_48 2 289 1.79
4 7RMG_CASA1_Bt_45_48 3 289 1.83
4 7RMG_CASA1_Bt_45_48 4 289 1.77
4 7RMG_CASA1_Bt_45_48 5 289 1.82
4 7RMG_CASA1_Hs_101_103 1 289 1.91
4 7RMG_CASA1_Hs_101_103 2 289 1.84
4 7RMG_CASA1_Hs_101_103 3 289 1.81
4 7RMG_CASA1_Hs_101_103 4 289 1.87
4 7RMG_CASA1_Hs_101_103 5 289 1.87
4 7RMG_CASA1_Hs_102_106 1 289 1.88
4 7RMG_CASA1_Hs_102_106 2 289 1.75
4 7RMG_CASA1_Hs_102_106 3 289 1.81
4 7RMG_CASA1_Hs_102_106 4 289 1.79
4 7RMG_CASA1_Hs_102_106 5 289 1.80
4 7RMG_CASB_Bt_187_191 1 289 1.87
4 7RMG_CASB_Bt_187_191 2 289 1.80
4 7RMG_CASB_Bt_187_191 3 289 1.75
4 7RMG_CASB_Bt_187_191 4 289 1.79
4 7RMG_CASB_Bt_187_191 5 289 1.79
4 7RMG_CASB_Bt_194_198 1 289 1.87
4 7RMG_CASB_Bt_194_198 2 289 1.81
4 7RMG_CASB_Bt_194_198 3 289 1.80
4 7RMG_CASB_Bt_194_198 4 289 1.80
4 7RMG_CASB_Bt_194_198 5 289 1.74
4 7RMG_CASB_Hs_155_159 1 289 1.88
4 7RMG_CASB_Hs_155_159 2 289 1.80
4 7RMG_CASB_Hs_155_159 3 289 1.80
4 7RMG_CASB_Hs_155_159 4 289 1.76
4 7RMG_CASB_Hs_155_159 5 289 1.80
4 7RMG_CASB_Hs_172_175 1 289 1.83
4 7RMG_CASB_Hs_172_175 2 289 1.81
4 7RMG_CASB_Hs_172_175 3 289 1.89
4 7RMG_CASB_Hs_172_175 4 289 1.82
4 7RMG_CASB_Hs_172_175 5 289 1.78
4 7RMG_CASB_Hs_178_182 1 289 1.88
4 7RMG_CASB_Hs_178_182 2 289 1.80
4 7RMG_CASB_Hs_178_182 3 289 1.79
4 7RMG_CASB_Hs_178_182 4 289 1.80
4 7RMG_CASB_Hs_178_182 5 289 1.75
4 7RMG_CASK_Bt_131_135 1 289 1.81
4 7RMG_CASK_Bt_131_135 2 289 1.80
4 7RMG_CASK_Bt_131_135 3 289 1.88
4 7RMG_CASK_Bt_131_135 4 289 1.79
4 7RMG_CASK_Bt_131_135 5 289 1.76
4 7RMG_CASK_Bt_34_39 1 289 1.86
4 7RMG_CASK_Bt_34_39 2 289 1.69
4 7RMG_CASK_Bt_34_39 3 289 1.78
4 7RMG_CASK_Bt_34_39 4 289 1.81
4 7RMG_CASK_Bt_34_39 5 289 1.82
4 7RMG_CASK_Hs_88_92 1 289 1.82
4 7RMG_CASK_Hs_88_92 2 289 1.88
4 7RMG_CASK_Hs_88_92 3 289 1.81
4 7RMG_CASK_Hs_88_92 4 289 1.82
4 7RMG_CASK_Hs_88_92 5 289 1.77
4 7RMI_CASA1_Bt_167_171 1 285 1.80
4 7RMI_CASA1_Bt_167_171 2 285 1.79
4 7RMI_CASA1_Bt_167_171 3 285 1.87
4 7RMI_CASA1_Bt_167_171 4 285 1.79
4 7RMI_CASA1_Bt_167_171 5 285 1.74
4 7RMI_CASA2_Bt_102_104 1 285 1.88
4 7RMI_CASA2_Bt_102_104 2 285 1.86
4 7RMI_CASA2_Bt_102_104 3 285 1.83
4 7RMI_CASA2_Bt_102_104 4 285 1.80
4 7RMI_CASA2_Bt_102_104 5 285 1.86
6 7RYC_CASA1_Bt_183_185 1 285 1.29
6 7RYC_CASA1_Bt_183_185 2 285 1.70
6 7RYC_CASA1_Bt_183_185 3 285 1.34
6 7RYC_CASA1_Bt_183_185 4 285 1.65
6 7RYC_CASA1_Bt_183_185 5 285 1.98
6 7RYC_CASA1_Bt_95_97 1 285 1.68
6 7RYC_CASA1_Bt_95_97 2 285 1.31
6 7RYC_CASA1_Bt_95_97 3 285 1.34
6 7RYC_CASA1_Bt_95_97 4 285 2.21
6 7RYC_CASA1_Bt_95_97 5 285 1.67
6 7RYC_CASA1_Hs_73_75 1 285 1.68
6 7RYC_CASA1_Hs_73_75 2 285 1.34
6 7RYC_CASA1_Hs_73_75 3 285 1.31
6 7RYC_CASA1_Hs_73_75 4 285 2.09
6 7RYC_CASA1_Hs_73_75 5 285 1.66
6 7RYC_CASA1_Hs_99_106 1 285 1.44
6 7RYC_CASA1_Hs_99_106 2 285 1.26
6 7RYC_CASA1_Hs_99_106 3 281 2.42
6 7RYC_CASA1_Hs_99_106 4 285 1.65
6 7RYC_CASA1_Hs_99_106 5 285 1.35
6 7RYC_CASA2_Bt_3_10 1 285 1.67
6 7RYC_CASA2_Bt_3_10 2 285 1.26
6 7RYC_CASA2_Bt_3_10 3 285 1.31
6 7RYC_CASA2_Bt_3_10 4 281 2.41
6 7RYC_CASA2_Bt_3_10 5 285 1.65
6 7RYC_CASB_Bt_87_90 1 285 1.34
6 7RYC_CASB_Bt_87_90 2 285 1.30
6 7RYC_CASB_Bt_87_90 3 285 1.25
6 7RYC_CASB_Bt_87_90 4 285 1.64
6 7RYC_CASB_Bt_87_90 5 282 2.47
6 7RYC_CASK_Hs_49_53 1 285 1.34
6 7RYC_CASK_Hs_49_53 2 285 1.25
6 7RYC_CASK_Hs_49_53 3 285 1.58
6 7RYC_CASK_Hs_49_53 4 285 1.33
6 7RYC_CASK_Hs_49_53 5 284 2.46
5 8E3Y_CASK_Bt_79_89 1 368 3.34
5 8E3Y_CASK_Bt_79_89 2 368 3.32
5 8E3Y_CASK_Bt_79_89 3 340 3.37
5 8E3Y_CASK_Bt_79_89 4 338 3.37
5 8E3Y_CASK_Bt_79_89 5 340 3.29
5 8E3Z_CASA2_Bt_158_163 1 342 3.44
5 8E3Z_CASA2_Bt_158_163 2 364 3.16
5 8E3Z_CASA2_Bt_158_163 3 344 3.48
5 8E3Z_CASA2_Bt_158_163 4 362 3.47
5 8E3Z_CASA2_Bt_158_163 5 345 3.33
5 8E3Z_CASA2_Bt_187_198 1 323 3.41
5 8E3Z_CASA2_Bt_187_198 2 357 3.48
5 8E3Z_CASA2_Bt_187_198 3 334 3.23
5 8E3Z_CASA2_Bt_187_198 4 360 3.53
5 8E3Z_CASA2_Bt_187_198 5 333 3.21
5 8E3Z_CASK_Hs_88_99 1 341 3.59
5 8E3Z_CASK_Hs_88_99 2 361 3.45
5 8E3Z_CASK_Hs_88_99 3 337 3.25
5 8E3Z_CASK_Hs_88_99 4 363 3.26
5 8E3Z_CASK_Hs_88_99 5 339 3.60
5 7VQX_CASK_Bt_79_89 1 361 2.29
5 7VQX_CASK_Bt_79_89 2 358 3.04
5 7VQX_CASK_Bt_79_89 3 361 2.43
5 7VQX_CASK_Bt_79_89 4 324 3.15
5 7VQX_CASK_Bt_79_89 5 360 3.20
3 7VGX_CASA1_Bt_174_186 1 280 2.15
3 7VGX_CASA1_Bt_174_186 2 280 2.19
3 7VGX_CASA1_Bt_174_186 3 280 2.19
3 7VGX_CASA1_Bt_174_186 4 280 2.19
3 7VGX_CASA1_Bt_174_186 5 280 2.18
3 7VGX_CASA1_Bt_178_184 1 280 2.20
3 7VGX_CASA1_Bt_178_184 2 280 2.21
3 7VGX_CASA1_Bt_178_184 3 280 2.22
3 7VGX_CASA1_Bt_178_184 4 280 2.20
3 7VGX_CASA1_Bt_178_184 5 280 2.23
3 7VGX_CASA1_Bt_61_72 1 280 2.16
3 7VGX_CASA1_Bt_61_72 2 280 2.18
3 7VGX_CASA1_Bt_61_72 3 280 2.17
3 7VGX_CASA1_Bt_61_72 4 280 2.15
3 7VGX_CASA1_Bt_61_72 5 280 2.18
3 7VGX_CASA1_Hs_100_105 1 280 2.18
3 7VGX_CASA1_Hs_100_105 2 280 2.20
3 7VGX_CASA1_Hs_100_105 3 280 2.21
3 7VGX_CASA1_Hs_100_105 4 280 2.20
3 7VGX_CASA1_Hs_100_105 5 280 2.21
3 7VGX_CASA1_Hs_142_152 1 280 2.18
3 7VGX_CASA1_Hs_142_152 2 280 2.20
3 7VGX_CASA1_Hs_142_152 3 280 2.20
3 7VGX_CASA1_Hs_142_152 4 280 2.20
3 7VGX_CASA1_Hs_142_152 5 280 2.22
3 7VGX_CASA1_Hs_142_156 1 280 2.16
3 7VGX_CASA1_Hs_142_156 2 280 2.19
3 7VGX_CASA1_Hs_142_156 3 280 2.22
3 7VGX_CASA1_Hs_142_156 4 280 2.18
3 7VGX_CASA1_Hs_142_156 5 280 2.22
3 7VGX_CASA1_Hs_14_23 1 280 2.20
3 7VGX_CASA1_Hs_14_23 2 280 2.18
3 7VGX_CASA1_Hs_14_23 3 280 2.20
3 7VGX_CASA1_Hs_14_23 4 280 2.20
3 7VGX_CASA1_Hs_14_23 5 280 2.19
3 7VGX_CASA1_Hs_149_159 1 280 2.20
3 7VGX_CASA1_Hs_149_159 2 280 2.18
3 7VGX_CASA1_Hs_149_159 3 280 2.20
3 7VGX_CASA1_Hs_149_159 4 280 2.21
3 7VGX_CASA1_Hs_149_159 5 280 2.20
3 7VGX_CASA1_Hs_151_159 1 280 2.19
3 7VGX_CASA1_Hs_151_159 2 280 2.16
3 7VGX_CASA1_Hs_151_159 3 280 2.22
3 7VGX_CASA1_Hs_151_159 4 280 2.20
3 7VGX_CASA1_Hs_151_159 5 280 2.20
3 7VGX_CASA1_Hs_23_33 1 280 2.20
3 7VGX_CASA1_Hs_23_33 2 280 2.21
3 7VGX_CASA1_Hs_23_33 3 280 2.21
3 7VGX_CASA1_Hs_23_33 4 280 2.17
3 7VGX_CASA1_Hs_23_33 5 280 2.20
3 7VGX_CASA1_Hs_23_34 1 280 2.24
3 7VGX_CASA1_Hs_23_34 2 280 2.23
3 7VGX_CASA1_Hs_23_34 3 280 2.21
3 7VGX_CASA1_Hs_23_34 4 280 2.21
3 7VGX_CASA1_Hs_23_34 5 280 2.19
3 7VGX_CASA1_Hs_30_33 1 280 2.20
3 7VGX_CASA1_Hs_30_33 2 280 2.21
3 7VGX_CASA1_Hs_30_33 3 280 2.22
3 7VGX_CASA1_Hs_30_33 4 280 2.22
3 7VGX_CASA1_Hs_30_33 5 280 2.21
3 7VGX_CASA1_Hs_30_56 1 280 2.21
3 7VGX_CASA1_Hs_30_56 2 280 2.22
3 7VGX_CASA1_Hs_30_56 3 280 2.17
3 7VGX_CASA1_Hs_30_56 4 280 2.21
3 7VGX_CASA1_Hs_30_56 5 280 2.23
3 7VGX_CASA1_Hs_37_45 1 280 2.22
3 7VGX_CASA1_Hs_37_45 2 280 2.21
3 7VGX_CASA1_Hs_37_45 3 280 2.26
3 7VGX_CASA1_Hs_37_45 4 280 2.21
3 7VGX_CASA1_Hs_37_45 5 280 2.21
3 7VGX_CASA1_Hs_45_53 1 280 2.23
3 7VGX_CASA1_Hs_45_53 2 280 2.19
3 7VGX_CASA1_Hs_45_53 3 280 2.22
3 7VGX_CASA1_Hs_45_53 4 280 2.17
3 7VGX_CASA1_Hs_45_53 5 280 2.20
3 7VGX_CASA1_Hs_88_94 1 280 2.21
3 7VGX_CASA1_Hs_88_94 2 280 2.19
3 7VGX_CASA1_Hs_88_94 3 280 2.21
3 7VGX_CASA1_Hs_88_94 4 280 2.21
3 7VGX_CASA1_Hs_88_94 5 280 2.20
3 7X9B_CASA1_Bt_174_186 1 302 2.40
3 7X9B_CASA1_Bt_174_186 2 302 2.40
3 7X9B_CASA1_Bt_174_186 3 302 2.43
3 7X9B_CASA1_Bt_174_186 4 302 2.45
3 7X9B_CASA1_Bt_174_186 5 302 2.41
3 7X9B_CASA1_Bt_178_184 1 302 2.41
3 7X9B_CASA1_Bt_178_184 2 302 2.43
3 7X9B_CASA1_Bt_178_184 3 302 2.42
3 7X9B_CASA1_Bt_178_184 4 302 2.44
3 7X9B_CASA1_Bt_178_184 5 302 2.41
3 7X9B_CASA1_Bt_61_72 1 302 2.31
3 7X9B_CASA1_Bt_61_72 2 302 2.30
3 7X9B_CASA1_Bt_61_72 3 302 2.39
3 7X9B_CASA1_Bt_61_72 4 302 2.36
3 7X9B_CASA1_Bt_61_72 5 302 2.30
3 7X9B_CASA1_Hs_100_105 1 302 2.40
3 7X9B_CASA1_Hs_100_105 2 302 2.40
3 7X9B_CASA1_Hs_100_105 3 302 2.45
3 7X9B_CASA1_Hs_100_105 4 302 2.40
3 7X9B_CASA1_Hs_100_105 5 302 2.41
3 7X9B_CASA1_Hs_142_152 1 302 2.41
3 7X9B_CASA1_Hs_142_152 2 302 2.43
3 7X9B_CASA1_Hs_142_152 3 302 2.42
3 7X9B_CASA1_Hs_142_152 4 302 2.47
3 7X9B_CASA1_Hs_142_152 5 302 2.45
3 7X9B_CASA1_Hs_142_156 1 302 2.39
3 7X9B_CASA1_Hs_142_156 2 302 2.43
3 7X9B_CASA1_Hs_142_156 3 302 2.42
3 7X9B_CASA1_Hs_142_156 4 302 2.42
3 7X9B_CASA1_Hs_142_156 5 302 2.44
3 7X9B_CASA1_Hs_14_23 1 302 2.39
3 7X9B_CASA1_Hs_14_23 2 302 2.40
3 7X9B_CASA1_Hs_14_23 3 302 2.41
3 7X9B_CASA1_Hs_14_23 4 302 2.41
3 7X9B_CASA1_Hs_14_23 5 302 2.39
3 7X9B_CASA1_Hs_149_159 1 302 2.44
3 7X9B_CASA1_Hs_149_159 2 302 2.42
3 7X9B_CASA1_Hs_149_159 3 302 2.43
3 7X9B_CASA1_Hs_149_159 4 302 2.45
3 7X9B_CASA1_Hs_149_159 5 302 2.47
3 7X9B_CASA1_Hs_151_159 1 302 2.40
3 7X9B_CASA1_Hs_151_159 2 302 2.41
3 7X9B_CASA1_Hs_151_159 3 302 2.39
3 7X9B_CASA1_Hs_151_159 4 302 2.47
3 7X9B_CASA1_Hs_151_159 5 302 2.41
3 7X9B_CASA1_Hs_23_33 1 302 2.44
3 7X9B_CASA1_Hs_23_33 2 302 2.43
3 7X9B_CASA1_Hs_23_33 3 302 2.43
3 7X9B_CASA1_Hs_23_33 4 302 2.47
3 7X9B_CASA1_Hs_23_33 5 302 2.45
3 7X9B_CASA1_Hs_23_34 1 302 2.41
3 7X9B_CASA1_Hs_23_34 2 302 2.41
3 7X9B_CASA1_Hs_23_34 3 302 2.39
3 7X9B_CASA1_Hs_23_34 4 302 2.45
3 7X9B_CASA1_Hs_23_34 5 302 2.40
3 7X9B_CASA1_Hs_30_33 1 302 2.40
3 7X9B_CASA1_Hs_30_33 2 302 2.41
3 7X9B_CASA1_Hs_30_33 3 302 2.41
3 7X9B_CASA1_Hs_30_33 4 302 2.44
3 7X9B_CASA1_Hs_30_33 5 302 2.41
3 7X9B_CASA1_Hs_30_56 1 302 2.43
3 7X9B_CASA1_Hs_30_56 2 302 2.40
3 7X9B_CASA1_Hs_30_56 3 302 2.41
3 7X9B_CASA1_Hs_30_56 4 302 2.40
3 7X9B_CASA1_Hs_30_56 5 302 2.42
3 7X9B_CASA1_Hs_37_45 1 302 2.42
3 7X9B_CASA1_Hs_37_45 2 302 2.39
3 7X9B_CASA1_Hs_37_45 3 302 2.40
3 7X9B_CASA1_Hs_37_45 4 302 2.39
3 7X9B_CASA1_Hs_37_45 5 302 2.41
3 7X9B_CASA1_Hs_45_53 1 302 2.42
3 7X9B_CASA1_Hs_45_53 2 302 2.43
3 7X9B_CASA1_Hs_45_53 3 302 2.39
3 7X9B_CASA1_Hs_45_53 4 302 2.41
3 7X9B_CASA1_Hs_45_53 5 302 2.40
3 7X9B_CASA1_Hs_88_94 1 302 2.39
3 7X9B_CASA1_Hs_88_94 2 302 2.38
3 7X9B_CASA1_Hs_88_94 3 302 2.42
3 7X9B_CASA1_Hs_88_94 4 302 2.39
3 7X9B_CASA1_Hs_88_94 5 302 2.41
3 7X9C_CASA1_Hs_45_53 1 302 2.42
3 7X9C_CASA1_Hs_45_53 2 301 2.53
3 7X9C_CASA1_Hs_45_53 3 301 2.40
3 7X9C_CASA1_Hs_45_53 4 302 2.41
3 7X9C_CASA1_Hs_45_53 5 302 2.43
