#Size Quantity
296 1
297 1
309 1
315 1
317 1
319 1
322 1
323 3
324 2
325 3
328 2
329 1
330 1
332 3
333 2
334 1
337 2
340 1
342 1
344 2
346 1
348 1
349 1
350 4
351 3
352 2
353 4
355 5
359 2
360 4
362 4
363 3
364 3
365 1
366 1
367 1
368 2
369 4
370 3
371 5
372 5
373 1
374 4
375 3
377 1
378 2
380 4
381 2
382 2
384 6
385 3
386 1
387 1
388 2
389 2
390 4
391 4
392 1
393 1
395 1
396 2
397 1
398 3
399 1
400 1
407 2
410 1
411 3
412 1
415 2
416 2
418 3
422 1
423 2
424 3
425 3
426 1
427 1
428 3
430 1
431 1
433 2
436 1
437 1
438 1
440 1
442 2
444 3
445 2
447 1
449 1
452 3
453 1
455 1
457 1
459 1
460 2
463 2
464 1
465 2
466 4
468 1
469 1
472 1
474 1
477 1
479 1
481 1
482 1
485 1
488 1
515 1
520 1
522 1
523 1
532 1
537 1
540 1
546 1
550 2
553 1
574 1
590 1
591 1
593 1
613 1
