#Disorder85
    A   R   N   D   C   Q   E   G   H   I   L   K   M   F   P   S   T   W   Y   V   B   Z   X   *
A   7 -12 -10  -8  -8 -11 -10  -7 -14  -8 -11 -12  -8 -16  -7  -4  -3 -28 -15  -4 -11  -9  -1 -31
R -12   8 -11 -18  -4  -6 -14  -9  -5 -12 -10  -3 -10 -30 -10 -10 -11  -6 -15 -16  -9 -16  -2 -31
N -10 -11   9  -4 -15 -11 -12  -7  -5  -8 -13  -6 -11 -20 -15  -2  -5 -16 -11 -11  -1  -8  -2 -31
D  -8 -18  -4   8 -27 -14  -2  -7  -7 -19 -17 -13 -14 -23 -14 -11 -11 -27  -8 -10  -9   3  -2 -31
C  -8  -4 -15 -27  13 -16 -19  -9  -8  -8 -10 -20  -8  -6 -28  -6  -8  -6  -4  -9 -16 -23  -3 -31
Q -11  -6 -11 -14 -16   8  -7 -14  -3 -17 -11  -6 -10 -28  -8 -11 -12 -27 -18 -12  -2 -11  -1 -31
E -10 -14 -12  -2 -19  -7   7  -7 -15 -14 -16  -8 -15 -22 -14 -14 -14 -28 -14 -10 -10   3  -1 -31
G  -7  -9  -7  -7  -9 -14  -7   7 -15 -17 -19 -13 -15 -15 -13  -5 -10 -12 -19 -10 -11  -7  -2 -31
H -14  -5  -5  -7  -8  -3 -15 -15  11 -20 -10 -14  -9 -12 -11 -12 -10  -6  -5 -14  -4 -11  -2 -31
I  -8 -12  -8 -19  -8 -17 -14 -17 -20   9  -4 -14  -4  -7 -19 -10  -4 -26 -11  -1 -13 -17  -2 -31
L -11 -10 -13 -17 -10 -11 -16 -19 -10  -4   8 -14  -3  -5  -9  -8 -12 -10 -13  -6 -12 -17  -2 -31
K -12  -3  -6 -13 -20  -6  -8 -13 -14 -14 -14   7  -9 -16 -16 -10  -8 -28 -31 -14  -6 -11  -1 -31
M  -8 -10 -11 -14  -8 -10 -15 -15  -9  -4  -3  -9  11  -6 -16 -12  -6 -11 -11  -3 -11 -15  -1 -31
F -16 -30 -20 -23  -6 -28 -22 -15 -12  -7  -5 -16  -6  10 -17  -8 -15 -16  -1 -10 -24 -23  -2 -31
P  -7 -10 -15 -14 -28  -8 -14 -13 -11 -19  -9 -16 -16 -17   8  -6  -8 -16 -31 -18 -12 -14  -2 -31
S  -4 -10  -2 -11  -6 -11 -14  -5 -12 -10  -8 -10 -12  -8  -6   7  -4 -19 -11 -11  -7 -13  -1 -31
T  -3 -11  -5 -11  -8 -12 -14 -10 -10  -4 -12  -8  -6 -15  -8  -4   8 -27 -12  -7  -9 -13  -1 -31
W -28  -6 -16 -27  -6 -27 -28 -12  -6 -26 -10 -28 -11 -16 -16 -19 -27  13 -26 -16 -22 -28  -3 -31
Y -15 -15 -11  -8  -4 -18 -14 -19  -5 -11 -13 -31 -11  -1 -31 -11 -12 -26  10 -14 -15 -11  -2 -31
V  -4 -16 -11 -10  -9 -12 -10 -10 -14  -1  -6 -14  -3 -10 -18 -11  -7 -16 -14   8 -12 -10  -1 -31
B -11  -9  -1  -9 -16  -2 -10 -11  -4 -13 -12  -6 -11 -24 -12  -7  -9 -22 -15 -12   8  -9  -2 -31
Z  -9 -16  -8   3 -23 -11   3  -7 -11 -17 -17 -11 -15 -23 -14 -13 -13 -28 -11 -10  -9   7  -1 -31
X  -1  -2  -2  -2  -3  -1  -1  -2  -2  -2  -2  -1  -1  -2  -2  -1  -1  -3  -2  -1  -2  -1  -2 -31
* -31 -31 -31 -31 -31 -31 -31 -31 -31 -31 -31 -31 -31 -31 -31 -31 -31 -31 -31 -31 -31 -31 -31 -31