#Disorder40
    A   R   N   D   C   Q   E   G   H   I   L   K   M   F   P   S   T   W   Y   V   B   Z   X   *
A   5  -3  -3  -2   1  -1  -2  -2  -3  -3  -3  -2  -2  -4   0   1   0  -6  -4   0  -2  -2   0 -10
R  -3   7  -3  -4  -1   0  -3  -4   0  -4  -3   2  -2  -5  -3  -2  -1  -2  -2  -3  -2  -4  -1 -10
N  -3  -3   6   0  -2  -2  -4  -3  -1  -2  -5  -2  -3  -4  -6   0  -1  -5  -2  -5   2  -2  -1 -10
D  -2  -4   0   6  -5  -2   2  -4  -2  -6  -6  -2  -5  -6  -4  -2  -2  -9  -5  -5  -1   4  -1 -10
C   1  -1  -2  -5  12  -4  -7  -5  -1  -1  -1  -4  -1  -1  -5   0   0   0   0   0  -3  -6  -2 -10
Q  -1   0  -2  -2  -4   6   0  -4   1  -4  -2   0  -2  -3   0  -2  -1  -4  -2  -3   2  -1  -1 -10
E  -2  -3  -4   2  -7   0   5  -6  -4  -5  -5  -1  -5  -6  -4  -3  -3  -9  -6  -3  -2   4  -1 -10
G  -2  -4  -3  -4  -5  -4  -6   5  -3 -10 -10  -6  -5  -6  -5   0  -4  -1  -2  -7  -4  -5  -1 -10
H  -3   0  -1  -2  -1   1  -4  -3   9  -5  -2  -1  -2   1  -3  -2  -2   1   3  -3   0  -3  -1 -10
I  -3  -4  -2  -6  -1  -4  -5 -10  -5   7   3  -3   2   0  -5  -5  -1  -4  -3   4  -3  -6  -1 -10
L  -3  -3  -5  -6  -1  -2  -5 -10  -2   3   7  -3   3   1  -3  -4  -2  -2  -2   1  -4  -6  -1 -10
K  -2   2  -2  -2  -4   0  -1  -6  -1  -3  -3   6  -3  -5  -3  -2  -1  -4  -4  -3  -1  -2  -1 -10
M  -2  -2  -3  -5  -1  -2  -5  -5  -2   2   3  -3   9   0  -5  -3  -1  -2  -3   1  -3  -5   0 -10
F  -4  -5  -4  -6  -1  -3  -6  -6   1   0   1  -5   0   9  -5  -3  -2   2   5  -1  -4  -6  -1 -10
P   0  -3  -6  -4  -5   0  -4  -5  -3  -5  -3  -3  -5  -5   6  -1  -1  -8  -4  -3  -3  -4  -2 -10
S   1  -2   0  -2   0  -2  -3   0  -2  -5  -4  -2  -3  -3  -1   5   2  -4  -1  -3  -1  -3   0 -10
T   0  -1  -1  -2   0  -1  -3  -4  -2  -1  -2  -1  -1  -2  -1   2   6  -6  -3   1  -1  -3   0 -10
W  -6  -2  -5  -9   0  -4  -9  -1   1  -4  -2  -4  -2   2  -8  -4  -6  13   3  -5  -5  -9  -2 -10
Y  -4  -2  -2  -5   0  -2  -6  -2   3  -3  -2  -4  -3   5  -4  -1  -3   3   9  -1  -2  -6  -1 -10
V   0  -3  -5  -5   0  -3  -3  -7  -3   4   1  -3   1  -1  -3  -3   1  -5  -1   6  -4  -4  -1 -10
B  -2  -2   2  -1  -3   2  -2  -4   0  -3  -4  -1  -3  -4  -3  -1  -1  -5  -2  -4   6  -2  -1 -10
Z  -2  -4  -2   4  -6  -1   4  -5  -3  -6  -6  -2  -5  -6  -4  -3  -3  -9  -6  -4  -2   5  -1 -10
X   0  -1  -1  -1  -2  -1  -1  -1  -1  -1  -1  -1   0  -1  -2   0   0  -2  -1  -1  -1  -1  -1 -10
* -10 -10 -10 -10 -10 -10 -10 -10 -10 -10 -10 -10 -10 -10 -10 -10 -10 -10 -10 -10 -10 -10 -10 -10