6.133 158.041
5.487 331.297
5.951 235.979
5.548 86.382
3.684 390.128
3.841 55.117
2.484 50.04
4.154 222.241
5.259 106.375
2.631 77.136
6.241 247.048
5.097 142.001
5.182 97.469
3.753 661.195
3.478 25.721
3.595 138.061
5.076 256.615
6.328 193.656
2.176 109.868
6.538 324.813
3.581 237.945
4.59 162.262
2.608 68.261
3.623 142.396
1.975 72.5
6.674 321.281
4.529 796.427
3.545 209.463
3.567 55.601
6.03 100.481
5.659 66.123
3.772 294.849
4.921 42.057
4.449 75.039
4.628 181.881
5.661 368.19
6.429 233.425
4.785 157.711
3.929 59.027
5.621 100.291
4.509 118.083
1.358 26.07
3.186 123.98
7.112 155.581
3.591 87.571
2.789 75.756
5.292 320.951
3.835 175.965
3.617 16.151
5.7 143.191
3.027 111.558
1.892 11.015
4.399 141.925
1.943 56.86
3.701 126.83
2.264 210.822
3.431 64.273
1.919 122.749
5.825 83.09
5.246 57.891
2.863 144.042
2.136 129.862
4.703 152.333
4.53 88.181
3.308 253.903
5.449 151.636
4.223 328.1
3.681 48.662
4.955 58.113
5.034 162.933
2.897 96.893
4.74 432.803
3.215 74.712
7.484 177.705
3.443 67.847
3.852 78.616
6.551 133.222
4.993 143.187
3.288 198.612
5.037 86.344
3.537 126.577
2.536 38.2
4.788 194.687
2.86 119.335
5.192 54.013
4.024 131.651
4.882 311.878
3.947 868.958
4.996 39.973
5.666 224.042
5.613 112.733
6.406 260.153
4.95 188.592
5.733 57.063
1.747 47.943
3.552 139.598
7.394 308.347
4.504 341.646
6.931 133.698
4.962 19.946
4.827 214.614
4.178 -114.685
4.184 -223.471
5.03 -187.778
5.277 -255.962
4.863 -175.351
6.664 319.462
4.761 -63.378
3.009 -229.73
4.721 -184.896
4.96 123.866
6.063 -114.024
4.937 -156.047
3.234 -193.171
5.914 -190.926
2.869 -246.209
4.549 -210.255
5.143 379.322
6.249 -75.058
5.017 -249.35
5.461 -125.437
6.345 -11.64
4.512 -113.56
5.029 -248.419
3.496 -186.195
3.957 -217.931
5.296 -75.49
4.348 -216.976
3.677 -205.724
4.778 -59.426
5.126 -191.945
2.308 -203.127
3.862 -236.357
4.436 -207.621
4.258 -231.932
5.029 -189.827
4.795 -228.711
4.083 -156.432
4.423 -77.814
5.539 -196.572
4.093 -122.28
9.884 547.11
6.184 -238.838
3.4 -156.927
6.338 -65.635
3.72 -88.135
8.356 -31.591
6.406 -74.269
4.932 -201.092
5.228 105.134
4.06 -214.389
2.907 -236.943
3.724 -126.691
4.509 -138.675
7.469 1.954
2.229 -147.618
5.545 -196.16
4.328 -253.01
4.569 -232.568
5.351 -107.423
3.07 -122.953
4.569 -156.979
4.215 -223.297
3.519 -24.357
2.836 -195.901
3.913 -86.272
4.512 -119.789
3.8 -50.229
5.046 -85.126
4.929 -114.026
3.031 -212.197
6.841 -111.28
5.25 -204.97
4.507 -187.719
3.943 -208.036
3.498 79.241
4.905 -255.076
6.058 -129.411
3.907 -125.222
4.418 -225.597
1.797 -251.047
4.936 -61.281
6.124 69.706
5.357 -252.507
5.028 9.36
4.469 -208.039
4.47 -235.368
3.552 -187.67
4.785 -50.551
2.152 -243.162
4.87 -181.005
4.794 62.495
2.934 -190.389
3.979 -114.588
3.916 -184.234
5.62 557.459
4.42 -225.781
3.182 -40.335
2.375 -196.088
5.416 -169.686
4.585 -13.35
3.751 -2.602
6.473 37.274
5.228 46.56
5.764 -118.406
5.128 -68.979
2.12 -6.44
5.532 -32.874
4.893 -123.159
2.727 1.048
3.27 9.534
4.248 -82.255
3.298 -3.823
3.915 -33.127
4.215 27.693
2.718 -40.007
4.217 13.186
3.23 -33.894
4.778 -13.595
3.561 -18.204
4.633 66.807
7.103 37.151
3.658 39.484
5.079 59.42
3.707 -32.618
5.009 -57.353
3.772 28.843
2.55 -85.554
4.144 9.05
4.356 -122.353
6.268 85.159
4.068 -85.202
5.777 -114.897
4.173 -57.464
6.058 -49.959
3.82 -78.166
3.871 -67.583
3.58 -85.062
5.706 -90.828
3.614 -66.855
4.369 -19.908
5.971 6.114
4.471 295.346
5.726 44.225
7.093 27.164
4.342 -127.751
4.887 -4.866
3.424 -9.278
3.985 -30.4
4.269 -62.468
2.516 -80.451
4.408 -105.678
6.763 -36.953
5.596 -44.656
3.841 -117.562
5.751 215.67
4.963 -18.411
3.795 -86.553
3.301 147.393
3.947 -29.759
8.114 219.744
3.817 -107.691
4.876 4.623
6.808 45.214
6.603 74.301
3.172 -47.025
5.18 211.089
4.588 -23.876
4.743 -48.28
6.196 -12.218
5.934 -56.228
3.172 -51.226
5.821 -61.769
2.594 -86.874
4.204 -20.568
5.85 11.545
4.907 -82.572
5.874 -76.077
4.222 -61.382
2.405 -33.826
5.108 -32.45
4.193 70.128
4.276 -75.76
6.682 31.715
4.868 -85.673
3.428 -83.212
3.964 -57.394
3.441 -57.348
2.86 -90.557
3.089 -42.243
6.09 8.814
3.4 -85.613
5.713 -132.641
4.536 -24.956
3.593 -77.114
6.888 13.908
5.109 0.634
4.978 -34.943
3.123 -14.927
3.419 20.974
4.825 -273.307
5.628 27.736
5.627 -193.942
2.722 -175.982
4.312 -117.683
3.073 -261.649
3.712 -258.022
5.923 239.666
3.543 -203.248
3.387 -225.849
5.832 -181.854
4.158 -253.591
4.048 -188.845
1.554 -238.52
3.343 -239.01
2.623 -240.963
5.099 256.984
3.185 -170.033
5.01 -232.672
2.29 -54.37
1.34 -298.475
4.851 -183.843
4.308 -187.96
5.266 -159.098
5.812 -164.208
3.483 63.643
3.897 -34.816
4.188 -281.28
5.223 -38.006
5.162 -141.292
4.287 -105.106
4.283 -184.665
4.799 -83.226
5.231 50.597
6.521 -146.263
2.706 -227.285
5.792 -259.591
4.514 -227.392
4.942 -217.815
4.124 -231.792
4.597 -261.524
5.615 -124.905
7.335 191.485
4.178 -301.575
6.861 -99.94
5.02 -209.187
4.586 -269.628
3.355 -253.008
3.045 -272.654
5.253 -87.649
5.867 9.687
5.693 -170.351
3.868 -227.441
5.066 -240.992
5.655 -297.712
5.47 -114.304
5.505 -287.699
5.151 -109.279
2.569 -190.818
2.584 -202.803
3.724 -284.462
6.828 -214.824
4.595 -135.064
4.446 -233.459
7.375 -46.706
4.583 -241.963
3.429 -107.406
4.951 -190.565
5.49 -206.228
3.897 58.099
3.894 -85.91
3.562 -145.916
5.665 -198.166
4.711 -121.492
2.926 -258.176
4.038 353.12
5.646 223.377
3.023 -132.339
2.354 -244.587
4.411 -99.395
4.89 -295.787
2.682 -273.104
4.957 -136.644
4.769 -97.604
3.007 -263.961
4.059 -193.46
3.584 -272.079
4.792 -213.169
4.467 -219.404
4.292 -239.012
4.894 -202.208
5.834 -48.077
4.556 19.028
3.993 -210.148
4.488 -230.558
5.979 -53.798
4.632 -160.264
4.06 62.758
3.304 -291.838
4.734 -244.49
6.821 -60.477
3.434 -71.933
2.295 -97.1
5.96 176.379
3.397 -120.199
6.485 117.197
4.719 -44.163
3.876 10.687
3.735 515.745
3.05 -87.31
3.771 -60.135
4.803 622.105
5.347 29.807
5.496 127.52
6.503 -0.541
3.135 52.596
4.973 108
2.965 40.861
6.187 133.08
3.579 73.431
3.477 573.152
5.41 20.711
4.156 -64.172
3.935 -23.964
1.502 -23.502
3.793 -63.522
4.709 31.214
4.861 27.2
3.233 -94.208
4.655 -103.488
1.991 -100.272
4.061 42.995
4.605 -97.392
6.002 84.363
3.93 -82.693
3.34 -100.538
2.877 -79.74
2.246 -72.497
3.894 26.742
7.076 16.218
8.473 762.841
3.449 -90.752
4.551 -91.323
4.962 -9.018
4.865 -64.349
6.288 155.417
7.485 3.115
5.232 31.316
4.138 166.271
3.311 -111.567
3.778 28.254
5.366 90.847
6.657 -90.577
4.14 156.121
7.763 57.782
5.516 -87.841
5.311 113.615
2.903 -79.732
3.669 166.64
6.175 -73.187
3.992 32.714
2.323 -17.927
4.422 -14.204
7.292 65.214
5.046 -104.709
4.859 29.806
4.229 163.314
4.781 -59.714
6.17 50.686
4.279 -32.972
3.819 55.713
3.333 21.516
3.73 127.788
6.74 69.825
4.382 -77.282
3.83 -71.879
5.059 -66.607
5.776 442.975
4.925 -8.299
3.214 -127.514
5.575 15.205
7.221 95.524
6.057 -64.494
5.053 -89.514
4.006 -36.833
2.512 -0.844
3.62 94.304
3.601 60.614
5.986 -49.441
4.3 -99.355
5.858 -83.861
3.373 62.502
3.657 16.271
3.451 23.548
2.152 -67.959
5.796 502.427
2.478 22.386
2.913 -72.301
5.962 -81.875
5.097 448.941
4.043 40.855
5.523 119.19
6.638 571.568
6.477 660.271
3.555 51.846
3.406 -128.227
8.013 715.411
4.956 -9.35
4.447 -4.239
2.453 154.467
2.654 -22.484
4.731 135.935
2.016 -5.45
3.17 -119.484
3.048 -45.676
4.212 -2.509
3.945 -37.297
3.463 -53.564
5.347 170.246
4.465 -78.287
3.576 -128.937
3.279 -64.594
7.426 81.731
5.663 922.282
2.358 -57.652
6.488 700.34
3.253 -72.608
5.066 171.823
3.64 -66.483
3.776 37.247
3.334 110.888
5.275 129.275
6.8 194.723
4.3 73.837
4.794 -49.808
6.602 8.106
2.852 -83.972
3.725 -93.514
2.689 43.143
7.601 223.805
6.757 104.347
4.808 -1.784
3.562 -43.687
3.127 -51.571
3.119 -128.427
3.847 -60.176
6.747 735.765
3.803 216.261
3.296 0.933
2.039 81.376
5.245 127.964
4.102 190.09
3.668 -103.045
4.888 58.962
2.416 -8.186
5.929 52.22
3.794 -79.805
4.078 14.863
3.3 93.337
4.313 -40.641
6.493 -63.544
5.408 22.377
6.629 -21.657
8.296 117.986
6.207 130.701
6.11 402.984
3.291 -94.781
4.384 111.752
2.446 200.949
6.451 -19.042
5.072 1635.15
2.978 -67.791
3.662 49.46
4.163 -59.755
2.654 -14.3
3.453 -86.798
2.905 20.71
7.146 90.264
4.376 65.477
3.154 11.425
3.403 -55.445
5.653 -64.069
2.371 3.562
3.446 -131.277
4.012 -60.004
3.495 -102.637
2.456 231.198
5.009 90.897
5.516 7.25
5.018 -28.652
5.246 -51.43
3.937 -37.56
2.165 -89.213
4.935 16.736
5.582 251.505
8.476 -66.538
2.206 -112.155
3.493 -64.71
3.692 3001.28
6.123 44.797
3.805 -70.184
5.265 508.733
4.129 -45.661
7.215 -29.089
4.608 -73.546
3.959 -59.446
6.566 7.68
4.177 -111.264
3.918 0.688
4.253 -70.599
3.789 -80.679
6.302 71.087
4.334 139.581
4.787 -82.831
3.347 -51.442
6.383 896.819
5.218 -137.155
5.212 -33.473
4.753 -44.606
4.22 -109.163
3.525 -25.72
4.331 -135.245
3.701 -105.424
4.447 -78.79
4.636 -32.159
4.695 -28.667
3.794 155.384
2.658 -141.822
4.26 -81.969
5.033 -138.589
3.066 -83.959
3.917 -34.116
3.871 -117.049
5.739 192.523
2.924 493.946
2.82 49.866
4.956 39.556
3.89 52.397
3.584 0.894
3.284 -145.06
3.805 83.036
2.674 -148.001
6.433 67.651
2.612 43.673
3.397 -114.942
4.722 -66.075
4.259 36.289
7.029 -29.448
3.482 -104.415
5.414 1618.08
5.427 -80.995
4.338 -83.451
3.539 -132.866
3.99 -118.632
4.512 97.154
3.871 -57.911
5.759 44.023
3.347 -138.574
3.548 -40.049
4.516 52.988
3.857 146.35
4.966 82.762
5.36 3.293
4.662 -147.787
5.193 -4.556
3.489 -133.466
2.15 -45.774
4.068 -85.965
7.127 128.242
2.747 -105.944
6.14 -32.701
2.414 -131.584
5.975 3.194
4.993 -45.697
4.453 -100.772
2.409 -41.218
3.792 -92.617
5.863 56.072
6.449 -69.182
5.844 590.47
6.713 -6.708
2.259 -100.102
6.297 -50.626
3.646 -77.577
4.248 -146.439
1.882 -145.74
5.926 -108.913
3.981 -118.622
5.452 125.128
4.311 -115.786
6.761 -44.15
5.204 25.778
6.07 -9.501
4.904 501.166
4.468 -21.369
4.844 65.474
4.737 143.457
2.755 -92.061
3.643 -62.952
4.781 16.309
4.38 -81.259
7.617 58.438
5.048 31.274
6.13 19.768
5.063 19.128
5.496 -63.628
4.027 -6.711
5.973 49.444
3.441 49.963
7.328 55.79
4.436 -76.136
6.092 54.163
4.469 -76.808
3.071 -132.319
4.889 -94.336
6.785 98.408
4.903 9.141
5.71 -72.97
3.315 -109.36
6.799 581.84
5.317 -50.868
6.092 0.894
4.094 -108.319
5.716 12.51
4.846 7.494
4.493 126.154
5.865 17.514
4.82 163.613
5.211 -8.971
3.024 -115.888
2.702 -135.67
4.119 602.976
5.444 -55.886
4.338 -26.648
5.091 57.769
3.315 10.799
3.156 -18.584
6.223 34.562
4.793 -99.73
6.386 757.654
4.652 123.984
3.412 7.218
5.577 74.775
6.844 -53.203
5.279 -60.924
3.94 -111.085
5.15 -100.318
4.37 34.106
3.919 -114.073
4.763 -123.46
5.241 33.107
4.437 -27.613
5.686 -31.969
3.849 -131.929
5.427 -8.415
8.525 148.652
4.691 96.103
2.846 114.002
6.896 73.785
5.278 -92.255
3.995 14.359
2.344 -77.359
4.69 25.815
3.624 1.324
2.484 -131.496
3.695 -21.133
5.807 -71.78
3.194 -61.185
5.573 -74.335
4.715 108.941
4.836 45.406
5.318 162.906
4.721 -186.964
4.605 -21.089
4.601 -95.377
3.684 -16.159
4.081 -139.278
3.628 -28.294
5.372 -77.302
4.088 25.807
3.183 -67.064
6.057 1144.09
4.409 -52.459
3.245 165.632
3.586 92.345
6.928 281.283
5.471 4.226
6.998 89.367
2.806 -66.335
4.749 -27.504
4.898 36.801
3.183 -125.462
7.02 718.498
4.938 -94.582
5.16 51.063
4.467 82.175
3.602 28.356
4.262 -38.98
5.382 -113.243
4.259 -55.141
4.221 46.103
4.983 55.757
5.117 72.066
2.83 4.03
5.983 44.791
2.519 165.004
5.487 44.962
3.323 -23.578
2.327 58.012
3.603 55.197
4.137 105.424
3.744 6.224
5.939 193.478
2.168 21.055
2.775 118.574
6.074 303.438
2.764 27.813
5.503 100.174
4.438 110.48
2.657 62.444
5.818 233.295
5.1 133.047
3.991 42.27
3.409 82.7
6.184 102.03
3.994 107.142
5.447 33.533
4.772 -6.905
3.424 51.787
4.051 -15.707
1.997 27.189
4.799 246.921
4.553 72.91
4.656 -7.295
3.058 41.862
3.768 106.439
6.533 54.446
3.227 4.89
4.22 336.019
5.727 67.143
5.547 83.455
3.098 13.811
3.967 1.798
3.615 167.679
6.339 77.623
4.46 165.405
6.055 164.736
2.46 106.631
5.535 49.43
6.895 191.499
3.63 7.288
5.438 185.541
4.36 32.419
5.331 108.011
2.207 92.236
5.759 78.582
3.81 24.817
3.444 76.431
1.803 -41.95
5.558 89.437
4.953 29.472
3.466 -13.07
5.775 26.26
8.86 268.084
6.142 9.112
5.375 173.053
3.932 3.293
5.095 71.199
4.732 252.043
4.993 209.882
6.586 287.146
3.56 -13.477
6.254 278.802
7.109 203.59
5.583 138.517
3.113 88.867
4.558 59.44
4.411 25.574
4.51 -20.371
7.488 738.24
3.652 58.889
5.043 65.027
3.377 0.275
3.536 169.056
3.869 38.004
3.14 53.054
2.621 45.405
3.864 103.953
5.48 37.076
6.566 370.931
2.295 38.746
4.667 139.108
3.529 145.495
2.566 -4.777
6.418 91.43
3.378 -6.006
3.057 49.217
4.707 176.659
4.046 67.528
3.994 -3.607
7.456 86.588
4.462 -46.546
6.506 55.177
3.595 -119.598
4.811 158.369
5.899 -49.571
2.213 -127.207
4.959 -95.029
3.67 -46.256
5.236 -70.11
8.664 125.509
1.762 -82.263
6.352 -29.913
4.119 51.582
2.819 -77.978
5.287 63.815
7.227 109.515
10.723 1402.79
6.962 -18.133
6.097 -54.3
5.764 -59.192
6 50.211
4.498 -108.58
9.782 -75.199
6.882 46.464
4.168 -56.153
7.905 98.33
9.378 -82.998
5.355 -108.339
1.42 -125.578
10.287 30.901
8.413 -53.351
5.387 599.646
2.419 -128.002
7.37 55.248
4.044 -53.166
7.817 123.682
5.268 -116.836
7.826 141.096
4.897 19.481
6.218 92.009
5.725 -118.601
5.031 4.864
8.524 110.024
4.968 71.514
9.36 76.669
6.404 178.391
5.683 8.217
6.873 295.83
3.166 -111.268
5.798 -78.545
8.891 -79.155
6.706 -23.289
4.482 -71.707
5.081 9.196
3.713 -123.138
4.968 32.863
3.802 -123.744
1.651 -86.935
4.481 -73.303
11.782 29.077
4.941 -117.64
4.15 -119.617
6.441 -63.758
8.934 -28.62
4.125 -120.015
4.141 -105.791
7.038 32.843
4.825 13.484
10.11 -85.52
7.688 -118.089
6.14 31.01
1.657 -59.455
4.012 -120.81
4.051 -54.693
10.741 109.332
3.782 -108.756
4.038 -119.323
4.825 -101.635
7.285 283.525
10.155 23.832
2.292 -126.346
4.487 -69.309
6.515 -104.713
2.463 -88.097
4.563 -76.743
4.147 -121.39
1.31 -119.115
2.804 -14.726
4.2 -55.518
7.976 -42.738
3.282 571.586
3.797 32.738
1.241 -77.044
3.692 5.184
2.24 -81.693
1.094 -84.438
8.598 -19.23
8.179 -92.065
6.67 45.156
3.952 225.515
6.991 129.404
2.583 78.655
8.633 707.28
7.673 216.924
9.434 63.595
2.938 112.313
3.989 55.187
3.555 63.065
3.52 39.471
4.949 247.374
4.066 81.523
4.141 124.124
5.992 455.791
9.976 959.904
5.246 275.14
5.098 184.258
6.59 181.595
7.7 391.551
6.034 228.205
4.63 84.695
4.498 216.753
4.067 58.32
6.822 221.183
7.576 381.277
4.938 353.508
6.8 124.126
3.206 82.505
6.471 1567.51
4.86 197.983
3.672 773.094
3.949 54.544
2.964 237.416
5.569 163.613
3.873 62.228
2.591 176.096
4.26 232.061
7.436 368.923
7.293 369.448
4.78 211.019
4.517 198.239
4.402 333.296
4.376 155.997
7.194 84.852
4.49 183.007
4.625 239.244
5.658 203.425
4.389 155.875
3.607 56.705
5.293 150.716
4.651 228.422
6.678 180.958
4.53 85.836
8.417 494.911
3.917 212.198
6.432 241.279
8.621 506.893
3.199 753.135
4.639 102.088
5.968 750.868
3.575 295.022
3.912 65.634
5.298 171.521
4.147 202.507
4.901 381.511
10.016 62.153
4.27 201.444
6.354 880.971
5.073 182.228
5.465 238.429
3.378 173.282
3.9 214.729
5.197 50.096
5.516 204.26
4.165 79.288
8.227 159.578
3.657 162.34
2.258 25.779
3.596 63.254
2.463 64.979
4.19 212.532
3.672 132.859
7.466 419.948
3.242 259.552
4.877 251.359
5.074 366.932
3.922 278.016
4.021 728.651
3.456 54.432
3.419 103.392
4.775 189.772
2.603 122.197
6.413 132.315
7.107 749.911
6.654 260.348
3.416 763.147
4.732 199.756
3.643 26.3
10.875 342.636
4.295 208.145
6.017 96.424
5.288 757.165
5.061 71.229
9.203 131.881
3.196 36.564
5.685 58.63
5.166 111.253
4.99 58.607
4.912 57.437
3.526 16.985
10.768 78.625
7.133 396.764
3.258 48.931
3.66 121.411
6.109 54.614
7.479 201.029
5.402 159.558
3.684 85.176
7.532 157.589
7.1 95.673
4.212 72.487
7.077 186.834
7.057 118.843
4.135 87.373
4.663 66.727
4.246 43.614
3.853 27.89
7.667 111.464
4.024 32.272
7.931 525.938
4.151 104.192
3.382 42.738
3.712 193.785
3.018 64.087
3.377 36.272
6.779 163.314
7.74 158.86
5.699 774.26
8.445 212.936
5.013 84.949
5.385 50.964
9.255 62.043
7.17 74.467
6.121 84.598
4.268 44.989
5.862 44.791
4.238 87.927
4.731 89.719
6.359 175.519
3.175 204.174
6.08 125.866
7.104 417.246
4.597 83.809
6.595 86.351
4.806 20.326
5.199 122.004
4.884 62.017
4.499 166.908
4.218 45.514
3.83 142.501
6.014 275.598
4.212 45.5
5.731 63.451
4.899 143.54
3.677 128.953
4.288 78.61
5.555 82.427
5.084 86.699
6.175 120.333
5.939 96.52
4.756 50.123
4.108 3944.05
6.328 167.035
12.401 819.537
4.532 162.759
4.502 88.84
5.979 48.659
5.873 905.003
2.425 10.245
5.116 206.024
6.864 218.46
5.995 45.974
4.272 41.914
6.94 115.022
11.002 151.041
8.443 294.424
4.559 80.709
5.498 97.925
5.515 37.035
6.124 132.839
4.155 16.201
5.573 231.404
5.903 173.436
4.584 73.938
8.503 154.097
3.575 83.646
4.66 12.015
5.109 34.749
4.262 30.164
5.51 191.74
4.132 -61.083
5.32 -168.39
6.387 -72.41
5.782 -23.098
6.058 98.708
3.362 -165.502
3.245 -185.635
5.932 438.425
3.575 -143.557
6.362 149.664
3.721 -101.08
6.213 -85.573
4.987 -145.41
4.815 -96.056
5.178 -65.951
4.471 -130.137
5.664 103.071
4.267 -209.864
3.754 -94.714
4.731 -109.221
4.514 -164.265
6.556 51.375
4.344 -202.82
2.873 -170.792
5.728 -136.592
6.789 220.791
3.215 -150.56
4.361 -129.549
3.14 -114.186
3.766 -200.863
4.179 -120.677
3.59 -195.39
5.828 -156.194
4.512 61.103
5.112 -11.044
3.844 160.468
5.072 -177.96
3.688 -192.608
4.486 537.653
3.516 -83.893
3.067 -208.92
2.987 -181.312
5.988 607.504
3.795 -101.167
4.642 -171.148
4.185 -167.755
3.055 -117.827
4.596 -130.983
3.6 -74.753
5.267 -133.647
7.879 -27.063
2.519 426.153
4.458 -122.44
5.607 -4.972
3.997 -10.787
2.804 -183.963
6.817 646.18
2.542 -161.861
3.363 424.71
3.783 -92.641
3.242 -117.466
8.117 -109.994
4.296 -127.919
3.412 -192.323
4.619 -182.366
6.244 -35.965
6.9 -105.618
5.397 485.573
7.856 -133.526
2.893 -96.169
4.687 -187.819
3.29 -217.206
3.267 -221.119
3.935 -184.79
2.719 -104.965
3.168 -152.857
4.696 -145.955
2.129 -12.695
5.976 -84.42
1.519 -205.497
5.853 -163.799
3.449 -166.966
4.4 -37.806
5.556 -61.196
4.65 -154.339
3.774 -175.377
2.751 -97.654
4.035 -80.709
4.794 -13.731
4.71 -91.078
3.881 -98.706
4.385 -86.246
3.91 -152.349
4.919 -211.301
2.284 -113.81
3.915 471.23
5.585 -214.357
5.481 -131.119
3.532 -79.485
5.562 -182.831
3.137 164.506
3.768 949.97
3.923 238.269
3.107 201.405
3.407 235.652
3.274 342.538
5.429 542.389
5.429 856.721
4.359 253.602
3.513 176.228
3.49 493.684
4.453 917.014
3.712 1065.66
9.43 223.927
3.467 419.59
3.867 240.002
4.566 352.456
4.805 249.457
4.013 255.179
3.37 235.945
3.127 879.654
2.367 220.32
4.946 988.689
2.557 221.886
3.368 302.141
5.616 270.501
2.095 296.495
5.217 277.143
3.334 404.567
4.684 242.575
3.24 329.671
3.78 228.26
4.449 813.31
3.129 311.83
4.814 473.993
1.802 844.329
4.087 213.468
3.857 228.858
4.528 943.766
1.87 418.168
3.404 592.995
2.725 289.546
3.371 914.852
4.508 357.332
1.264 293.192
4.322 235.888
2.602 220.124
4.744 931.51
2.564 236.688
4.902 1006.11
2.854 314.897
1.89 230.92
4.197 233.201
3.772 203.99
4.158 238.404
3.438 239.203
3.114 234.777
2.911 219.466
1.691 834.342
1.196 878.642
3.454 208.582
5.465 839.521
4.097 276.801
4.35 394.971
2.651 356.449
3.928 417.335
4.099 473.751
3.132 363.22
2.446 461.516
11.178 305.348
5.346 264.542
4.144 188.023
3.238 220.894
2.48 210.677
2.666 253.723
10.335 257.531
7.972 247.673
4.922 402.23
4.975 935.846
3.5 345.349
3.602 200.573
2.735 300.112
2.245 208.412
5.126 367.81
5.056 238.818
3.233 184.64
4.539 251.039
2.199 233.264
5.142 401.857
3.967 245.981
5.885 525.447
4.533 303.991
3.938 324.11
4.947 223.849
3.231 862.434
3.203 205.256
3.44 306.255
5.257 816.942
5.487 319.98
1.77 907.764
2.306 -58.07
3.54 36.487
2.932 -27.662
2.287 65.784
3.213 -11.924
2.817 601.771
3.037 78.467
2.947 -20.185
6.016 344.177
2.744 -71.698
4.214 -18.172
4.732 -24.66
2.77 -50.686
3.526 -9.329
2.049 -66.079
3.311 -23.423
6.93 50.022
2.83 -42.694
3.535 -18.716
2.682 -9.424
2.961 -61.278
3.479 690.37
3.231 28.538
2.516 -40.659
2.406 -71.554
5.817 -44.108
2.603 97.395
4.039 -49.087
1.983 -58.548
5.843 64.138
4.252 -17.071
3.709 63.538
2.293 -33.707
3.662 -27.117
2.59 -55.524
3.458 -42.601
2.54 -25.367
3.657 -23.262
8.247 96.322
2.648 55.001
2.666 604.899
2.512 -48.247
4.051 -14.981
4.428 -55.757
3.023 -58.376
2.917 -66.476
3.264 -31.633
1.972 -3.27
3.756 84.355
1.95 -75.658
2.788 -49.648
3.185 -51.809
2.021 -40.186
3.35 -38.47
3.24 -74.954
2.699 -23.954
1.61 -50.096
4.085 -34.133
2.943 28.612
2.504 65.592
5.337 -4.445
3.598 2.413
4.762 -5.422
2.022 -63.292
2.049 -35.397
3.807 130.091
2.791 -43.175
5.506 610.599
3.408 -26.451
2.118 -44.781
4.711 -37.655
2.624 -10.838
3.423 -11.347
4.562 -24.07
4.691 247.298
4.805 -6.048
2.546 -62.629
3.451 -62.654
3.051 -57.672
3.62 -38.849
4.481 -11.931
1.528 -66.795
3.914 -43.686
3.97 -32.876
2.798 -45.433
3.848 -8.98
2.716 -50.538
4.154 -34.154
3.453 -35.953
3.989 713.919
3.066 -19.911
5.294 178.395
1.917 -69.15
2.758 84.847
2.708 549.757
1.98 -55.731
3.179 -55.759
3.186 -58.653
4.139 626.7
5.244 732.376
2.826 444.815
2.609 -269.832
1.36 -267.704
2.111 379.017
2.757 449.937
3.849 -249.645
3.671 -289.414
3.649 -289.576
3.373 -145.464
4.585 -111.643
4.669 -231.484
2.381 -272.763
3.151 -297.978
3.315 345.114
10.193 63.365
2.983 389.26
3.125 563.955
2.782 -268.086
3.309 -299.201
2.587 -273.822
3.689 357.832
2.441 -213.731
3.673 361.931
3.981 422.033
2.446 -277.52
3.259 -143.557
2.7 -218.903
4.317 -250.01
2.6 -262.445
5.315 -286.69
3.881 -270.676
3 -273.675
4.107 359.583
4.425 466.989
1.694 -288.314
4.728 379.172
5.31 -227.431
1.873 -302.314
4.998 591.195
5.471 -0.087
2.594 -52.158
4.56 -154.394
9.259 -258.978
4.157 413.575
2.427 -271.689
5.85 -217.053
3.677 -214.838
2.952 -56.012
3.628 -183.046
1.995 -306.511
3.018 -215.963
3.021 -288.138
3.821 471.215
2.927 -255.56
1.383 -215.396
2.033 -226.914
5.68 630.231
1.704 -252.73
2.116 -275.498
5.175 72.116
2.265 -300.889
3.551 -290.839
2.164 -187.797
3.439 391.756
4.623 -281.848
2.368 -248.847
2.435 -261.159
6.376 -289.061
4.988 -271.64
3.507 -161.205
4.423 -253.411
2.848 -197.848
3.021 -199.816
4.368 -240.335
11.574 399.972
4.504 -137.146
4.524 -178.738
4.297 -184.332
5.346 410.599
4.478 -284.819
3.915 513.3
3.659 -241.293
1.354 344.355
3.536 -257.037
1.058 -285.151
1.745 -310.742
10.477 -172.689
4.509 -299.018
2.367 332.228
3.83 -252.638
3.583 452.936
3.559 -262.27
9.111 -168.624
3.888 -258.825
10.218 -224.512
4.148 -119.45
3.035 -291.758
3.52 410.323
2.714 -287.693
2.761 -216.759
2.41 -27.63
3.306 40.61
2.034 632.444
4.388 -15.603
5.155 816.288
2.446 653.459
2.365 -16.674
2.471 -28.331
2.93 34.686
4.287 85.14
3.173 -25.057
1.977 -18.401
4 35.319
2.83 146.355
1.657 -20.53
1.719 -20.541
2.093 -13.692
3.613 4.481
2.901 10.145
2.906 -1.135
2.381 -18.917
2.12 25.014
2.718 -17.306
4.445 26.513
2.748 -48.025
2.937 8.504
3.01 4.503
4.317 20.232
1.981 -35.481
4.85 23.233
9.752 86.203
2.509 -50.955
3.151 -3.923
3.621 41.709
3.08 -35.117
2.64 613.511
3.513 2.2
4.109 188.568
3.29 -51.144
3.028 -10.066
3.214 589.701
3.446 3.508
2.741 -48.396
2.859 -33.454
2.587 -35.734
3.01 52.721
4.167 40.803
1.632 -46.542
4.443 13.88
3.447 766.572
3.094 -42.871
2.802 33.597
2.428 89.488
2.546 -2.939
1.753 632.37
1.502 -38.327
1.735 -53.841
3.187 612.147
4.164 91.507
2.458 -22.172
1.638 4.65
4.354 387.47
4.254 266.801
1.528 -7.953
3.32 19.267
2.945 28.192
11.949 -16.751
1.67 -32.703
1.775 585.9
2.374 19.062
2.421 -20.401
10.132 200.234
3.251 -1.179
2.805 1.275
1.482 -31.91
3.369 701.846
3.089 -20.054
1.625 -33.746
1.656 -37.903
1.792 -19.828
0.994 -53.1
1.468 5.216
3.84 -41.65
2.017 -40.732
2.786 40.299
3.383 5.381
2.227 9.491
3.341 27.974
2.021 -19.046
3.949 123.274
2.269 -41.286
3.701 3.904
1.634 4.075
3.155 -21.845
3.774 615.994
2.844 -46.297
3.236 -51.016
2.638 636.397
3.431 -36.233
5 1.903
8.022 -240.502
3.126 -125.04
3.434 -283.455
2.848 -307.289
3.392 -300.487
6.836 -305.986
1.67 -321.998
4.931 460.282
3.712 -310.73
3.434 -287.604
4.132 -249.223
7.179 -240.051
2.505 -292.863
5.256 -262.41
5.306 -229.522
4.269 -225.4
3.269 -310.457
4.704 -238.079
4.254 -24.369
4.768 -297.839
3.16 -299.408
7.373 -293.836
3.578 -264.399
4.292 372.536
4.398 -205.7
6.718 -263.38
5.84 -209.427
3.577 -155.143
4.557 -238.594
3.577 -244.605
2.524 -51.306
3.777 -302.051
2.979 -224.3
5.688 422.652
2.91 320.446
3.787 -313.024
3.992 -265.049
2.35 -304.99
2.466 -320.415
4.388 -176.68
5.251 -259.213
3.807 -264.342
3.502 -197.747
2.737 -305.262
4.445 -285.317
3.203 -279.598
2.317 -277.121
4.101 -239.077
2.502 -201.927
2.963 -293.605
10.204 -227.981
2.179 -263.756
4.625 -315.677
3.427 -187.713
5.379 -227.663
2.67 -297.349
2.041 -296.336
3.47 -302.39
2.498 355.426
5.732 331.623
4.549 -245.982
7.021 -257.708
2.886 -177.907
2.338 -298.198
9.053 -229.153
7.632 -240.985
3.171 -259.639
3.711 -268.252
3.392 449.181
3.302 -303.675
2.554 -294.191
1.98 -304.795
4.482 -268.973
4.59 -284.549
1.213 -313.785
3.65 422.219
5.073 301.404
4.999 -239.69
3.91 338.681
4.082 -178.769
4.187 -257.065
5.778 -226.52
2.926 -291.728
3.53 -302.656
2.233 -293.594
3.32 -311.081
2.969 338.893
5.697 -291.985
5.742 287.534
2.903 -264.062
5.352 334.007
1.913 -293.765
4.726 -161.049
2.431 -293.5
3.258 309.278
6.409 582.139
2.874 -306.664
4.576 -178.174
1.454 -318.221
2.056 378.879
4.177 0.185
3.571 -58.523
2.229 -128.487
6.14 82.837
5.39 31.465
4.564 -91.347
3.683 -12.994
6.743 8.403
5.837 9.74
3.721 518.781
3.157 -144.696
5.436 -54.755
4.034 -138.855
4.008 4.995
6.245 97.549
3.728 -140.694
4.832 -85.013
3.905 -103.45
6.119 3.362
4.134 -41.871
3.188 -114.323
6.309 -13.628
2.975 -49.14
5.049 -31.998
4.758 -53.563
5.586 -124.694
3.625 -161.563
2.805 -149.264
6.347 -81.089
6.524 -96.479
2.839 -141.582
4.648 -23.954
3.639 -23.832
1.969 -63.479
2.209 -127.72
3.267 -113.152
5.228 -61.131
5.648 -75.422
3.183 -68.027
5.143 4.937
3.642 -68.936
3.453 -167.313
6.162 -84.761
5.518 -66.162
2.785 -92.164
4.238 -113.789
4.439 210.957
3.214 -55.415
7.012 -26.62
4.917 3.05
6.361 -26.875
1.746 475.817
4.436 22.057
2.728 -96.184
3.918 -53.755
7.885 178.689
4.358 -24.284
4.003 49.949
4.838 -95.502
3.579 -79.023
2.7 517.622
3.259 -112.291
3.5 29.887
5.165 32.693
3.301 -135.39
3.27 470.156
5.316 -93.818
4.242 0.128
2.005 2.338
5.766 12.013
7.036 -12.173
4.735 -43.297
5.408 -125.143
5.218 -58.527
2.935 119.962
4.157 46.991
3.666 -60.905
4.75 497.018
2.95 -92.489
5.419 -47.12
3.618 -31.913
5.804 41.366
4.96 -76.516
3.936 17.763
3.075 -116.66
4.543 -98.295
4.139 70.769
3.182 -63.29
4.78 -16.234
4.554 132.374
5.329 -129.698
3.477 -21.521
3.687 -104.674
2.664 -84.694
3.001 615.825
3.058 -27.764
4.978 0.718
6.418 97.228
5.551 -118.202
4.326 -105.047
2.484 31.444
5.751 163.482
6.622 123.531
3.903 -19.526
3.586 132.593
5.048 93.778
4.483 517.514
4.6 -0.702
5.41 10.953
4.572 32.763
5.065 -62.599
4.371 -16.289
5.536 -18.606
3.206 -137.407
4.71 -42.301
6.292 114.907
6.337 619.305
5.578 75.085
2.85 -87.202
5.214 -24.099
5.916 -153.914
5.89 -113.147
2.872 -160.153
5.785 -19.165
3.411 -118.598
7.109 -176.098
4.344 35.154
3.09 -112.06
4.055 -76.172
5.599 -40.191
5.327 -154.05
4.029 -83.759
5.677 -9.723
3.654 -113.357
2.884 -39.637
3.93 146.754
5.975 -10.566
4.524 -23.675
2.853 -100.136
4.6 -64.466
4.076 183.958
5.53 -38.157
2.846 5.818
3.543 -114.525
6.457 94.956
6.698 196.019
4.056 29.236
5.364 68.86
3.322 -190.967
3.346 -81.631
4.607 -121.694
4.021 45.005
3.671 14.249
4.077 -21.536
5.627 18.363
5.13 106.425
6.096 -36.486
4.153 75.831
4.388 -113.541
3.765 5.661
3.859 -21.649
3.258 4.573
4.732 -122.715
3.128 -173.211
2.274 -164.302
5.123 -66.459
5.129 601.936
4.894 -47.757
3.453 -16.137
3.252 -38.843
3.708 -63.5
5.034 -51.238
3.45 -11.074
6.046 133.025
3.943 -169.598
5.413 -95.571
5.374 -163.348
5.651 140.798
3.666 86.723
4.823 -21.596
9.827 112.833
3.682 72.021
5.567 107.429
6.602 -52.909
4.92 -25.646
3.884 -30.049
3.697 -168.881
4.439 -120.013
3.354 -88.861
5.45 -109.255
3.468 53.129
3.044 -154.039
4.008 -27.607
6.079 0.027
3.292 -118.759
5.903 -91.955
3.6 5.235
3.033 -14.934
4.414 -18.377
4.197 -177.955
4.032 25.486
6.248 -15.446
7.516 57.445
5.089 -0.96
3.756 84.437
3.971 -37.953
5.519 186.54
3.65 78.787
4.16 7.83
3.153 38.197
3.695 -36.727
3.317 -23.809
5.17 252.637
4.322 85.304
5.529 12.615
4.499 -14.781
5.011 86.033
3.452 -11.691
3.595 144.951
6.557 78.738
6.596 135.882
3.094 25.671
2.715 -68.943
5.477 162.649
3.728 -17.05
5.311 29.436
3.843 -70.946
7.241 72.054
6.218 18.675
5.461 -4.083
4.544 -37.061
5.509 21.563
2.391 -57.687
6.387 114.835
5.054 128.259
6.417 1870.97
3.333 76.729
3.781 -30.532
5.895 -22.813
4.165 -40.19
4.721 5.71
3.397 -60.962
5.15 65.191
5.63 -41.076
7.596 1.216
3.943 -4.974
6.621 34.713
5.344 26.925
6.995 -90.89
3.674 6.955
4.349 62.753
4.989 -20.924
6.981 158.366
6.138 -24.744
3.928 167.516
4.853 50.887
4.341 67.677
4.113 -24.866
2.687 -41.03
4.464 100.86
4.141 116.842
4.24 -31.582
4.064 216.955
6.347 18.861
5.309 48.878
3.769 18.309
4.062 -61.514
3.419 8.31
4.73 144.048
5.808 0.77
4.439 24.866
6.215 41.341
6.152 66.84
6.038 165.265
5.589 356.701
7.002 110.234
4.492 -49.675
4.62 -43.189
4.528 116.388
3.741 54.86
1.978 -35.33
4.377 3.934
5.603 19.547
5.598 184.944
4.793 65.997
4.602 68.235
2.458 68.717
4.435 -3.799
5.266 -22.944
4.777 -48.962
5.659 55.467
5.947 71.823
3.338 55.129
5.812 -30.126
6.7 61.691
4.821 -9.639
6.431 245.643
1.873 -94.013
5.895 -32.917
3.071 67.97
5.687 334.333
5.324 260.015
6.799 105.42
5.834 248.748
6.509 260.742
3.49 269.059
6.564 364.589
5.331 236.866
5.341 201.106
6.309 327.937
2.98 101.417
5.423 166.829
5.301 138.564
4.703 120.832
5.922 256.201
5.055 197.876
2.611 168.46
5.555 208.595
5.461 270.718
4.696 119.269
7.113 362.289
6.425 435.322
4.827 159.116
5.066 190.775
5.478 251.43
2.178 192.802
4.068 214.56
3.247 253.192
5.3 279.137
3.776 139.567
4.476 327.131
7.385 275.762
2.829 205.48
5.662 213.863
4.134 291.333
3.196 335.902
5.475 236.13
8.008 463.046
2.326 141.717
4.926 192.593
5.489 922.323
5.96 227.264
5.78 466.634
2.799 290.533
3.954 79.863
5.018 642.978
3.183 172.899
3.797 153.145
3.257 157.753
4.001 327.769
4.799 392.234
8.49 219.337
5.714 520.26
5.865 1521.58
3.944 274.892
4.782 195.304
4.87 217.175
3.94 144.965
7.344 444.95
3.887 215.684
5.188 218.352
5.109 232.255
3.279 237.246
3.314 49.541
2.154 183.966
3.443 154.494
4.809 193.407
4.951 199.313
3.768 134.811
4.318 176.696
5.492 245.708
5.473 190.322
2.732 212.827
4.366 204.35
5.791 263.212
6.47 180.105
5.095 139.615
5.362 98.012
1.922 182.199
5.067 493.232
2.03 19.322
5.985 141.33
4.756 156.595
5.092 248.521
7.379 753.94
1.905 25.713
4.094 182.861
3.296 189.513
4.686 213.884
3.885 279.42
4.905 130.125
5.82 209.631
2.031 158.37
2.578 35.411
6.098 130.163
2.261 74.302
6.093 208.435
5.802 225.123
3.985 109.036
5.35 184.112
9.287 -20.646
6.069 -30.943
6.297 47.071
6.079 -24.312
7.396 -18.412
4.661 -45.639
8.783 -38.095
4.459 588.335
4.995 -67.484
7.862 -35.179
2.585 36.485
5.889 -51.476
1.786 -61.847
8.946 -0.495
5.235 28.91
4.412 -23.44
4.673 -90.517
3.229 -80.31
5.383 -76.192
7.355 -51.459
6.697 4.76
4.976 656.127
1.852 -29.353
4.935 132.726
1.48 -85.996
8.093 -45.752
8.891 42.867
1.549 137.986
7.416 -70.064
8.894 63.609
7.033 267.548
5.994 -60.884
7.842 17.139
4.687 -76.115
4.915 -48.146
4.982 -76.124
3.979 -29.759
5.97 51.186
3.576 -79.554
6.024 -73.377
7.101 -13.813
6.5 1.849
4.843 -66.916
6.388 -1.447
5.973 -32.194
8.348 -66.965
1.498 4.966
5.032 -44.534
5.028 108.828
5.485 644.141
6.799 -96.467
4.851 147.673
4.634 -32.161
1.933 -36.349
5.296 -80.699
7.576 163.833
5.68 608.944
7.7 32.961
4.981 753.041
7.727 51.694
6.003 -51.929
7.55 90.683
4.876 685.825
8.401 69.419
8.58 -7.314
7.816 -29.277
10.483 28.444
9.262 -69.844
7.75 125.409
8.783 118.991
7.732 38.462
4.58 -23.539
5.034 -62.428
7.702 122.016
4.871 78.317
8.096 -18.783
3.616 643.18
6.031 -22.318
5.866 636.637
7.103 78.804
8.389 34.192
7.782 -8.885
7.197 87.468
10.565 -28.881
7.031 -26.443
5.239 27.721
6.551 58.396
6.099 -8.673
4.677 -67.984
7.672 26.971
6.719 -6.403
9.468 36.745
1.41 -78.138
7.415 -67.724
7.101 282.309
6.892 127.182
5.927 -25.281
7.795 297.272
10.154 -31.684
8.166 -16.93
3.968 -56.438
7.27 -20.901
2.604 -198.627
3.222 -190.277
2.336 87.466
3.033 -79.736
4.119 -43.143
4.183 -127.713
3.299 -202.166
5.56 346.578
4.848 192.952
7.662 863.554
2.347 -229.406
2.723 -164.067
3.944 -68.963
3.716 178.83
3.848 -173.864
2.444 -259.107
1.996 -147.586
3.306 -193.306
3.226 -144.642
4.907 129.403
4.023 -214.905
4.305 -54.868
2.852 -182.509
2.987 -165.244
3.01 306.162
1.927 -182.128
4.572 -111.652
3.19 -111.182
4.671 180.551
2.84 -232.773
1.447 -131.576
5.711 58.132
3.694 -133.236
2.674 125.193
4.789 -180.092
2.8 -218.253
4.515 47.758
3.405 -64.974
4.182 -216.578
10.216 369.079
3.164 321.104
2.483 -176.953
2.653 -185.664
2.923 -173.829
2.382 -157.54
5.222 -172.735
3.147 -203.299
1.955 -220.763
3.745 -178.885
4.756 -30.88
4.447 -162.833
5.104 -110.244
2.483 -184.575
2.312 -113.852
3.154 -211.575
2.533 61.806
3.34 -195.734
3.32 29.286
4.706 -60.528
2.133 -182.622
5.912 -3.553
4.495 -124.72
3.24 -129.207
2.21 -150.333
2.615 -157.373
5.542 143.157
5.65 -9.043
3.05 -219.259
3.62 -164.775
3.371 -180.528
2.962 -12.463
2.85 -158.491
2.223 -221.155
2.82 -85.674
7.702 97.63
4.437 -178.908
6.557 -14.794
5.479 220.681
2.527 -61.418
3.264 -237.697
1.47 -130.912
2.479 -172.826
5.329 -29.881
5.62 -137.399
2.221 -187.721
2.56 -36.075
5.362 -33.695
3.351 -203.229
3.481 -187.045
3.829 -51.193
4.346 -171.198
1.565 -195.513
3.395 -158.445
3.758 -32.063
4.472 -12.702
2.179 -88.506
6.581 137.15
4.838 242.519
2.604 -86.62
1.89 -77.755
5.591 390.86
5.086 -132.481
8.427 -128.411
6.467 -103.242
2.909 -119.414
2.141 -106.669
5.918 -52.78
7.403 -50.89
2.192 -89.178
10.804 -47.672
3.817 -52.694
7.178 -127.643
5.259 -113.804
7.981 61.108
6.859 7.147
5.727 -80.742
5.65 -78.624
4.477 -102.741
8.189 100.198
5.612 43.661
3.01 -112.784
7.937 -122.118
5.459 300.89
5.507 -88.656
4.554 -89.652
5.533 -58.426
2.897 -103.064
6.989 -81.346
4.424 -103.229
3.035 -117.809
7.266 70.855
2.772 -147.203
6.655 -49.244
1.901 -89.235
4.659 -4.571
5.704 -89.861
3.583 -122.631
4.885 -79.241
2.451 -135.192
2.71 -20.988
5.105 84.256
3.313 -89.721
1.757 -97.826
3.066 -137.029
7.511 -92.936
4.823 -105.738
5.713 -58.258
4.24 -99.811
2.854 -64.872
7.611 -121.934
4.19 -77.563
2.157 -104.317
4.965 -49.625
5.893 -101.485
4.179 -89.278
7.107 213.583
5.025 9.885
4.636 -81.471
2.251 -105.581
6.651 90.162
3.588 -107.421
2.638 -99.992
4.163 339.458
2.596 -87.04
3.565 -104.453
4.995 18.083
2.506 -140.591
4.838 -91.485
5.009 -132.148
9.264 48.82
4.647 -79.284
5.955 -122.725
2.806 -128.412
2.108 -114.419
3.06 -133.012
4.685 -108.891
2.031 -97.409
5.392 103.368
1.826 74.541
2.74 -128.418
5.087 65.072
4.11 -65.346
4.636 -96.918
2.116 -88.266
5.427 -70.453
3.229 40.793
3.631 -89.024
3.768 -24.153
3.89 -17.269
6.146 -105.771
3.179 -100.663
3.064 -39.265
9.556 70.249
4.002 -90.77
7.151 -28.42
1.308 -128.293
2.449 -134.642
1.882 -140.771
3.359 -95.499
7.217 50.082
4.58 1096.71
4.772 -37.789
5.58 3.582
4.77 1112.29
4.805 15.079
3.916 -32.366
4.452 33.5
5.96 -60.729
5.302 -37.119
7.788 480.077
3.962 -48.563
3.505 444.87
2.85 -33.263
3.824 37.461
1.646 -78.894
5.506 -51.681
3.786 -72.626
5.292 -57.596
5.139 -79.597
6.059 -93.734
4.365 89.326
4.487 1090.78
3.419 41.23
6.231 -57.438
3.879 -91.955
3.441 -23.772
4.784 14.849
1.158 -88.498
4.377 -14.083
3.776 -67.421
5.887 -13.367
3.04 -54.248
4.303 5.15
3.943 -69.666
3.412 -19.771
5.908 22.565
3.958 -44.723
3.74 21.962
3.797 -62.616
6.826 59.402
3.489 3.374
3.934 -99.193
6.367 248.884
2.387 -23.616
3.421 -16.735
4.132 -40.179
6.055 -47.632
4.34 -4.019
3.481 -92.066
6.25 -10.453
5.837 -92.265
4.537 -20.803
3.333 -38.579
4.7 -53.013
7.623 -62.467
3.366 -44.749
5.265 1.715
3.331 -99.911
6.868 -40.874
3.053 150.792
4.797 0.658
8.569 38.422
3.163 -103.359
3.938 20.968
6.093 787.484
4.618 -82.399
4.072 -31.71
4.505 -64.423
3.793 -47.892
4.506 -69.338
4.752 -109.92
6.955 24.547
3.766 143.965
4.296 16.638
3.697 -1.123
3.912 -27.365
5.036 425.653
4.299 -99.159
4.656 58.323
5.004 -69.64
4.578 123.589
5.083 -32.266
6.031 -19.395
3.846 -83.487
3.631 -101.215
5.866 39.602
3.404 -91.912
3.767 -61.212
4.809 543.682
3.968 -95.154
3.637 -50.425
4.447 76.966
3.471 192.524
4.235 -101.276
3.003 -88.891
2.855 -24.755
3.79 -12.721
5.367 -87.158
4.14 -313.799
5.063 -307.925
2.403 -291.195
4.751 -336.593
3.74 -255.446
4.024 -53.538
4.551 -291.234
3.488 -296.092
4.259 -319.464
4.609 -92.886
6.586 -236.873
3.784 -331.283
5.355 -150.009
8.056 -335.211
5.249 -283.249
7.495 -332.934
8.972 -137.191
2.543 -318.206
3.228 -268.372
3.604 -148.226
3.075 -297.166
2.012 -324.277
6.212 -297.624
3.644 -224.789
4.271 -311.144
3.992 -301.182
5.457 -322.971
4.538 -342.022
6.171 -263.917
5.003 -291.577
4.326 -305.242
4.152 -345.794
3.932 -308.314
3.584 -350.126
3.948 -275.088
4.435 -191.364
5.179 -305.594
1.875 -332.523
3.968 -336.975
6.542 -337.667
4.549 -284.245
4.505 -252.938
4.621 -322
7.699 -226.856
5.035 -326.709
6.699 -327.687
4.402 -326.493
5.627 -299.966
2.88 -346.034
6.799 -57.327
4.17 -333.156
5.973 -273.395
5.546 -297.061
6.57 -342.235
3.589 -323.577
6.346 -341.155
6.554 -173.415
3.846 -337.107
3.326 -289.055
2.585 -308.738
5.252 -311.868
4.675 -307.572
3.338 -332.511
5.828 -217.163
6.035 -328.813
4.803 -304.685
3.978 -273.925
5.015 -308.16
4.232 -325.733
4.304 -325.52
7.235 -274.954
4.217 -304.198
8.065 -299.024
2.57 -320.936
4.361 -327.346
4.174 -339.904
3.038 -332.916
7.744 -334.802
3.925 -164.197
3.215 -311.221
2.928 -338.193
5.35 -238.342
2.519 -251.345
6.816 -308.131
4.317 -272.773
4.589 -276.927
9.46 -319.815
3.978 -279.916
3.79 -276.669
4.527 -245.685
3.474 -323.318
4.326 -325.778
4.174 -313.329
4.211 -340.515
3.841 -298.275
4.826 -312.21
2.344 -347.196
3.725 -145.917
4.832 -286.988
2.769 -331.234
4.516 -185.668
3.784 -205.64
4.873 -5.319
5.078 -207.202
3.847 -66.513
3.49 -182.962
3.534 -202.717
3.565 -204.216
2.579 -192.215
3.712 -199.877
6.77 -170.523
2.959 -139.105
3.582 -224.98
6.875 -196.126
5.104 -169.658
5.036 -151.609
3.941 -179.994
2.402 -222.89
3.033 -177.78
2.896 -125.704
5.214 -86.443
2.942 -240.033
4.777 -125.303
2.362 -238.756
7.842 -73.179
5.755 -222.07
7.194 1585.21
3.158 -148.36
4.258 -193.36
4.619 -165.962
5.202 -112.245
4.22 -208.331
4.94 -194.85
3.332 -231.038
3.569 -223.874
4.193 -176.503
4.701 -6.073
3.961 -80.422
4.459 -243.259
5.291 -218.399
3.178 -98.51
4.906 -195.874
5.312 -184.515
2.157 -133.872
6.088 -218.163
3.698 -185.672
6.997 -147.599
3.281 -186.65
4.216 -206.811
4.895 -161.3
2.876 -213.88
2.206 -191.646
4.525 -202.57
5.484 -198.841
4.721 -67.667
6.185 28.162
6.372 -183.601
3.183 -208.778
3.252 -181.506
3.902 -228.929
2.273 -149.975
5.399 118.955
3.056 -203.996
5.654 -191.89
4.511 -227.779
4.369 -174.3
4.074 -199.118
2.737 -153.835
7.372 -233.657
3.94 -242.002
3.817 -179.915
5.339 -68.441
3.919 -134.607
2.831 -225.888
6.275 -219.602
3.762 -205.353
3.02 -233.975
7.169 45.103
3.95 -149.917
3.857 -193.847
4.957 -176.404
4.079 1589.25
5.563 -211.987
3.878 -132.386
3.521 -187.125
5.238 -236.357
4.581 -136.263
4.11 -210.93
4.827 -204.249
9.117 -204.263
2.954 -231.264
2.641 -230.922
2.894 -225.02
8.352 -76.955
3.648 -161.857
3.687 -178.886
4.265 -160.587
3.939 -220.895
3.316 -141.457
10.326 -230.337
4.902 -50.491
5.012 -118.114
4.475 -166.27
6.867 -38.956
3.637 -64.4
4.842 -127.441
2.228 -132.224
4.149 -132.112
5.002 -142.777
5.23 -84.585
2.924 227.536
6.348 -132.468
3.582 -69.765
4.01 -90.423
6.005 -84.619
3.182 -131.641
5.59 -5.725
4.287 -40.802
3.209 -126.33
3.592 13.308
3.511 -90.938
6.259 -140.32
3.554 -108.886
5.103 -127.446
3.228 63.671
2.931 -137.163
3.042 -112.871
5.202 -132.291
4.2 -106.518
2.478 -135.842
2.912 -150.959
4.77 -41.391
3.56 -131.871
6.267 -111.777
2.33 -151.258
4.158 -117.713
2.09 -115.783
3.173 18.15
2.904 -123.032
3.391 -94.177
4.597 -149.151
4.143 -123.337
6.899 -124.672
1.658 -136.959
6.577 -119.996
2.184 -77.27
6.846 8.341
3.412 -146.593
6.529 -49.624
4.188 -117.034
3.952 -118.714
3.907 -168.93
6.343 -33.716
7.348 -116.678
3.08 -159.097
8.424 -101.767
2.977 -157.084
5.033 -90.802
3.571 -135.024
5.882 -135.133
2.576 12.061
5.044 -122.094
6.639 -110.801
4.99 -136.831
3.285 -136.285
3.97 -106.068
4.481 -120.875
4.009 -40.26
6.888 -116.456
3.175 -127.13
3.026 -141.104
3.259 -127.764
3.923 -93.982
3.938 -138.046
5.018 -142.975
4.152 -118.878
2.742 -112.699
4.043 -80.525
3.207 -140.121
3.055 -100.014
3.73 -160.191
3.004 -151.599
6.878 -121.112
7.419 -105.746
4.346 -147.146
4.876 -163.416
3.032 -117.716
2.836 -83.754
8.265 -153.094
7.425 -139.96
2.336 -122.047
3.649 -88.088
3.794 -140.972
3.883 -98.437
3.459 -156.329
5.509 -112.878
2.731 -119.187
3.602 -117.147
4.276 -142.722
3.192 -99.302
1.57 -10.901
2.686 -44.632
2.937 -9.336
2.152 -37.137
5.854 -23.803
5.069 10.37
2.411 -12.169
4.156 2.001
2.299 -61.121
3.822 -3.154
3.799 -21.559
8.891 59.367
5.198 111.77
3.911 -14.482
2.884 -30.287
2.146 -51.088
3.244 -32.042
5.236 123.973
6.251 143.379
4.183 26.654
3.61 -8.375
2.469 -38.518
2.297 -51.897
3.09 -36.236
3.188 -39.894
6.633 74.169
4.738 87.829
3.61 -5.369
1.761 -24.006
2.606 158.656
2.265 -38.309
2.484 -7.592
4.907 -35.826
3.048 3.781
5.607 86.733
2.532 -18.939
2.758 -32.689
2.027 -45.529
3.031 -47.386
4.193 -10.865
2.381 -33.446
2.665 -38.189
3.321 -32.617
3.813 102.024
0.88 198.291
3.405 -27.922
3.093 -49.934
2.699 -35.173
4.009 -45.494
3.97 -18.654
3.629 -4.841
2.993 -34.884
3.18 -35.32
2.934 -17.224
3.3 -20.125
3.256 -13.231
3.905 110.856
2.704 282.444
4.136 -3.69
2.594 -32.998
1.451 -16.575
5.178 68.915
3.827 -47.085
5.213 -28.432
5.861 -15.541
2.607 47.626
3.028 91.866
2.208 4.647
2.847 -35.142
1.917 -30.621
2.668 -57.147
5.66 -16.701
2.504 -37.096
5.521 -3.979
4.447 49.795
5.296 -11.135
5.557 -20.77
6.474 35.023
4.372 191.303
1.935 -45.879
2.511 -20.625
1.797 -24.665
7.963 253.282
3.112 -56.169
1.993 -31.518
5.581 -35.708
0.992 -48.868
5.415 78.969
3.262 -34.189
1.617 -24.331
2.503 -51.509
4.183 -1.773
3.524 -74.22
3.281 -37.778
2.947 -13.295
3.942 -7.106
4.444 -12.52
1.926 222.351
1.897 -8.863
8.711 560.511
2.687 -93.322
5.244 220.472
3.324 -41.241
6.33 -75.504
5.862 21.765
2.829 -47.057
3.478 -69.885
3.01 -64.417
5.156 44.607
3.234 -46.278
4.433 66.361
2.261 155.439
5.125 99.087
3.319 -45.22
2.436 -92.257
4.279 171.379
2.774 -93.313
4.872 -42.067
3.448 -14.005
3.12 -20.199
2.276 96.285
4.234 -45.246
3.529 -69.174
3.794 -73.259
3.341 17.989
4.564 91.156
4.287 -50.813
3.151 -42.273
3.287 -22.861
6.308 -75.694
4.811 -3.282
3.955 -50.376
5.256 -43.066
2.784 -36.353
3.529 125.687
5.22 53.134
3.055 -61.034
2.845 -36.554
6.065 170.665
2.354 -10.987
4.155 -42.56
3.027 -47.404
3.137 53.838
3.062 -70.379
3.073 -62.177
3.799 148.522
6.245 61.774
3.428 32.93
2.902 -7.889
2.063 -33.104
6.892 1.788
9.799 -59.951
6.387 319.737
4.816 -51.404
2.88 -79.335
5.203 -16.921
2.856 -34.152
2.758 -12.95
4.73 -37.202
3.839 -57.409
5.021 48.123
3.249 6.233
3.423 -56.503
3.237 -50.933
2.918 -51.673
6.224 -79.748
3.334 -14.164
4.897 -27.992
5.952 224.728
3.117 -37.566
3.17 45.801
2.924 -56.963
2.55 -45.443
2.754 -42.757
4.74 -76.215
5.328 -22.581
5.882 160.355
5.347 21.566
4.579 7.098
2.589 -37.239
2.885 22.441
6.175 38.226
3.166 -54.518
5.235 -59.404
4.957 79.182
6.954 -17.759
2.543 -59.164
7.302 -50.987
5.817 -8.839
3.527 111.22
8.197 -64.502
7.148 132.749
2.181 -23.905
5.441 634.463
4.698 85.715
4.942 -53.374
2.68 -50.583
3.179 68.057
4.13 -11.912
2.246 -55.554
2.792 -162.967
7.078 22.825
5.134 -156.964
1.784 -117.913
2.104 -174.987
1.705 -178.628
3.023 -136.675
2.831 -107.921
2.919 -130.638
2.46 -197.427
5.385 -0.795
4.076 -108.857
6.857 -143.85
5.184 -107.114
1.63 -181.822
1.239 -156.351
1.698 -195.84
6.67 25.54
2.028 -141.293
4.651 -119.178
6.34 -119.004
2.085 -135.721
5.378 47.63
2.982 -167.156
3.625 -94.204
2.427 -158.938
3.392 -134.031
5.508 46.714
3.824 -196.323
2.138 -152.35
4.776 -46.429
3.209 -92.577
4.557 -118.241
3.385 -94.513
2.902 -189.667
2.724 -159.471
3.978 -118.219
2.744 -156.339
1.634 -172.554
4.087 -71.452
4.088 140.048
2.351 -177.969
1.924 -145.325
3.009 -77.941
1.109 -178.618
3.693 -95.913
2.831 -146.605
3.83 -141.944
5.637 -32.531
4.865 -142.144
5.076 -110.896
6.992 -47.007
2.607 -163.921
2.359 -151.515
7.088 56.854
1.881 -190.325
6.953 -125.918
6.654 -20.237
2.824 -144.701
2.801 -105.357
1.632 -81.397
3.534 -120.237
1.577 -206.69
4.1 -25.138
2.996 -145.308
4.129 -115.844
4.693 -4.214
2.172 -129.758
2.473 -155.678
1.545 -169.533
1.306 -111.89
1.233 -169.232
2.45 -190.189
3.802 -117.477
4.725 -80.111
2.779 -175.85
5.069 -138.76
3.928 -68.332
5.252 -5.083
4.029 -41.001
3.593 -143.34
2.2 -88.053
4.322 -160.27
2.092 -127.952
2.653 -127.12
3.083 -135.085
7.003 -9.598
5.449 193.614
2.506 -131.267
5.24 -75.774
4.011 -25.525
6.694 -109.918
1.387 -178.663
5.614 -19.681
4.069 -89.77
1.428 -184.496
3.138 -140.651
1.643 -185.438
3.345 -167.646
3.518 -106.673
3.682 37.196
5.108 -11.305
2.628 -26.777
4.694 -77.81
2.564 -82.449
4.852 -35.261
2.343 -45.823
0.879 90.63
6.45 -31.137
2.527 -67.524
2.077 -25.709
1.366 14.2
3.553 -56.487
6.156 249.231
1.121 -99.755
3.709 -81.76
2.887 -87.852
2.926 -77.54
4.212 -11.235
3.601 -88.036
3.693 -43.42
1.488 -138.182
3.017 47.607
4.574 -52.395
2.753 -97.91
3.166 6.5
7.471 123.631
2.118 15.477
4.813 -125.504
3.928 20.837
6.794 215.295
2.269 -85.439
4.371 -22.658
3.338 -70.53
3.59 -62.605
2.642 -71.202
2.147 -102.155
2.705 -135.721
1.968 -12.083
3.64 -82.331
2.144 -107.117
3.693 -51.057
1.183 -8.437
4.051 -139.928
2.277 -104.608
5.638 -58.355
2.967 -124.11
2.545 -26.819
6.072 52.671
3.774 -102.413
3.086 -96.563
3.225 -5.278
3.749 -61.953
5.475 -79.318
3.138 -80.224
3.719 -114.206
4.864 -43.786
1.407 -131.598
2.923 2.372
2.356 -84.688
2.581 18.054
2.541 -101.643
5.021 -21.482
1.631 -118.944
2.36 -46.219
4.016 -72.313
3.172 -10.952
2.16 -31.928
0.94 -2.281
7.87 51.498
3.616 16.193
5.654 -90.926
1.349 -43.85
4.681 -110.744
4.043 -98.494
6.149 457.923
3.9 -73.813
1.425 -153.236
4.984 -5.029
2.894 -88.726
3.773 -18.787
3.24 -43.419
6.095 -28.8
4.19 -82.688
3.802 -87.604
3.228 -99.066
5.452 -81.523
4.204 -80.26
7.497 24.462
4.436 -18.626
0.853 -93.622
2.861 -80.966
3.974 -18.854
2.124 -28.854
2.962 28.61
4.259 -10.12
4.466 -60.563
2.819 -93.32
5.814 35.86
3.24 -87.718
2.194 -131.887
4.171 -43.391
3.553 5.473
5.936 9.897
4.488 -27.103
6.474 26.62
5.668 -110.338
4.995 -103.131
3.164 -93.613
1.596 -151.787
3.174 -8.956
5.414 -14.766
2.152 -134.443
6.863 8.567
1.87 -117.86
2.832 -131.324
4.107 -104.312
2.376 -89.085
4.953 -107.696
3.519 -14.574
2.709 -136.219
4.136 -46.268
2.261 -86.338
3.576 -116.882
3.51 -94.489
6.128 -13.369
2.552 -117.977
4.316 -116.108
3.875 -157.346
5.38 306.995
2.067 -48.716
2.604 -100.476
8.541 -38.214
3.04 -127.25
5.13 -23.314
3.357 -84.686
4.62 -105.196
2.015 -147.67
5.694 186.149
4.74 -22.771
1.891 -109.5
3.45 -130.051
2.511 -92.338
4.34 -88.899
2.505 -96.357
3.524 -69.081
3.025 -74.701
2.666 -81.023
3.268 -39.215
3.178 -110.754
2.105 -108.268
4.271 -20.521
5.505 4.779
3.528 -101.155
4.775 -79.971
1.629 -123.258
4.245 -41.407
3.321 -97.555
1.346 -93.861
4.036 -86.811
5.577 -125.689
5.012 47.334
2.828 22.085
5.011 191.886
3.53 -100.545
3.295 -117.867
2.141 -97.459
6.059 -97.514
1.735 -150.707
3.133 -114.914
2.948 -142.154
3.418 -72.669
3.191 -64.739
1.646 -146.292
3.474 -76.828
7.288 -67.509
1.371 -144.886
2.196 -122.65
3.478 -120.596
3.688 32.527
2.118 -152.382
3.606 -26.77
1.562 -150.932
1.964 -56.799
3.619 -92.318
6.529 -96.545
2.573 -69.332
2.607 -79.783
3.003 -79.657
2.339 -98.755
2.707 -118.253
2.452 -119.414
5.93 139.759
1.974 -143.254
6.042 65.638
4.104 -75.36
3.487 -109.706
1.553 -154.684
1.521 -152.794
3.581 -77.43
1.148 149.91
2.593 4470
4.506 248.761
4.168 218.039
3.252 165.557
2.956 225.624
2.566 248.126
3.379 237.108
1.945 244.251
3.605 160.783
4.514 176.892
4.289 185.088
2.625 175.937
3.989 258.412
5.782 178.937
3.406 316.879
1.019 175.162
2.995 177.284
1.789 169.244
2.447 146.057
3.588 196.676
4.741 292.52
5.302 254.124
4.217 198.31
6.026 264.135
3.759 211.576
2.618 162.059
4.923 236.04
4.618 134.279
3.957 154.605
2.869 184.698
3.23 152.053
3.583 214.665
6.099 620.143
3.841 297.502
3.927 143.997
4.498 297.61
2.633 150.949
6.691 461.25
3.579 222.147
2.825 208.743
1.578 146.748
2.684 175.499
2.55 188.587
3.679 256.103
4.734 211.605
4.598 168.972
3.095 202.346
3.441 176.701
3.734 155.2
5.813 363.209
3.107 171.826
4.02 186.489
4.895 266.918
1.273 336.16
3.802 269.778
5.621 207.18
3.949 169.386
5.48 358.706
2.588 178.8
2.325 224.579
3.198 180.101
4.091 213.503
7.528 593.017
6.222 503.269
2.459 141.571
4.255 257.645
3.151 318.245
2.564 182.588
3.961 241.094
3.147 223.068
9.84 433.12
4.066 210.209
2.234 256.431
2.877 233.983
1.435 154.093
1.315 160.874
3.592 178.309
2.596 141.04
6.262 869.299
4.978 187.998
7.06 317.143
1.744 208.575
2.021 145.133
2.605 152.933
3.679 266.529
3.962 207.17
3.467 214.227
2.754 180.474
3.284 237.28
1.309 123.759
4.078 165.776
3.829 188.899
1.989 190.114
4.619 315.074
3.768 261.814
2.623 176.051
3.333 181.256
6.386 327.528
4.183 261.003
4.178 -125.036
4.421 -90.912
3.218 -155.917
3.876 -131.943
1.76 -160.855
5.325 18.572
1.277 -161.577
2.089 -136.797
4.588 -22.469
2.016 -139.341
4.311 -138.318
3.639 -116.91
3.041 -153.237
2.528 -158.123
2.838 -104.949
2.466 -127.993
2.436 -118.155
2.619 -153.956
3.829 -124.651
4.024 -142.653
1.789 -160.469
5.549 -86.88
1.922 -128.561
5.137 -131.127
4.755 -46.573
6.405 -106.841
2.92 -170.834
6.417 -130.598
3.648 -182.379
4.091 -100.883
4.16 -50.86
3.622 -122.113
4.334 -172.071
3.346 -86.847
4.266 306.286
3.263 -170.703
3.307 -155.941
2.666 -125.608
4.526 -141.907
1.163 -169.074
5.683 -133.085
3.419 -125.442
3.654 -81.184
4.011 -128.445
1.304 -137.762
4.251 -63.773
2.673 -101.727
2.202 -137.04
1.917 -124.193
3.979 -61.459
4.725 -24.766
4.596 -112.704
3.193 -150.109
2.146 -122.811
5.876 -154.557
2.871 -26.545
1.736 -151.081
4.94 -83.539
2.574 -132.643
2.827 -138.383
3.683 -124.584
4.312 -157.838
3.826 -137.655
5.195 -117.89
4.739 -98.292
6.449 -139.475
3.06 -131.766
2.527 -114.68
2.877 -146.331
1.252 -181.491
3.91 -161.384
2.858 -143.178
3.316 -134.827
6.102 -110.548
2.595 -58.521
3.733 -147.9
3.107 -131.509
2.659 -138.897
6.867 -78.783
4.476 -155.234
4.543 -166.333
2.597 -152.173
2.301 -180.394
2.982 -158.688
2.425 -128.242
2.99 -134.492
3.761 -89.643
3.413 -131.251
2.967 -182.667
5.918 -132.339
3.32 -162.286
3.013 -164.236
1.838 -92.812
2.83 -145.264
5.67 -134.366
1.885 -163.803
1.219 -153.671
2.65 -147.012
3.868 -129.586
4.621 -122.967
2.989 -25.127
3.378 39.221
2.073 -60.455
2.041 -54.443
3.102 -106.642
2.024 -94.337
3.806 -60.521
2.198 -145.1
1.387 -94.368
2.707 -99.465
2.098 -111.828
2.343 -99.375
1.413 -67.32
1.284 -73.778
2.17 103.447
1.07 -67.391
0.994 -142.437
1.824 -98.74
1.804 -89.924
1.416 -43.143
1.958 -13.783
2.737 6.506
3.494 -78.518
2.112 -1.418
2.929 52.453
1.801 -20.022
2.84 -124.95
2.514 -26.734
2.206 -130.041
2.224 -170.237
1.466 -28.199
3.321 6.681
1.562 -70.177
2.312 -26.135
1.062 -44.889
1.268 -138.663
1.18 -39.611
1.204 -138.364
1.371 -119.355
1.734 -112.327
2.433 -121.037
1.611 -13.065
1.233 -35.112
5.633 -13.954
1.981 -65.504
2.512 -95.25
3.805 2.811
4.405 -27.608
2.203 -60.309
3.432 125.462
2.582 -81.019
3.212 -91.539
2.147 -123.327
2.783 -54.959
4.599 229.404
3.184 76.953
2.464 -72.718
2.744 -82.636
2.506 86.907
1.241 -50.653
2.583 -20.104
1.962 -23.843
3.104 -109.909
4.251 17.532
2.47 -85.311
3.967 -71.528
1.216 27.468
1.803 -106.083
1.249 -65.161
4.632 -64.958
1.058 -105.907
3.394 15.482
1.123 -88.169
3.228 -22.64
3.187 58.286
2.657 -96.326
4.844 -43.348
2.695 -150.695
3.755 -75.53
1.799 -142.675
1.428 -141.091
2.179 -39.382
4.603 24.98
3.633 -43.75
1.241 -131.964
3.071 -65.426
1.876 -89.193
2.287 -50.592
1.12 -57.353
3.825 -27.078
2.161 -68.719
2.699 -86.434
1.573 -17.501
1.824 -57.375
2.329 11.104
2.687 127.713
3.017 -65.398
2.567 -24.127
1.407 -89.093
2.651 -16.313
3.074 45.811
3.929 85.651
2.748 -168.564
0.866 -138.03
4.963 -146.497
3.705 -114.819
1.538 -109.807
4.728 -159.048
4.911 20.644
1.806 -156.598
2.33 -185.517
4.043 -129.333
1.207 -123.914
2.412 -51.586
1.432 -213.26
3.655 -170.29
4.425 -168.443
1.625 -83.389
1.177 -117.704
1.115 -217.582
1.727 -237.727
1.856 -110.758
5.898 24.488
3.019 -139.404
3.344 30.942
4.351 -172.196
2.975 -192.171
3.098 -156.27
4.292 18.844
2.155 -188.316
4.015 -127.112
4.411 -16.797
1.539 -153.816
4.552 -136.449
2.22 -229.485
2.648 -69.115
1.014 -124.624
2.88 -70.981
1.883 -232.454
4.145 -204.38
4.661 -158.758
1.297 -101.201
2.836 -175.564
1.374 -181.079
3.627 -136.355
5.115 -86.992
1.888 -175.043
5.816 57.248
5.276 -36.061
1.922 -103.952
2.221 -200.563
4.464 475.096
4.697 -124.587
3.133 -57.566
1.833 -208.21
0.89 -218.299
0.862 -196.04
5.861 -42.707
5.415 225.489
3.371 -171.706
4.132 -104.089
0.863 -204.002
2.143 -119.448
1.346 -189.043
1.466 -105.213
4.008 -132.277
3.082 -167.94
4.632 -128.695
4.238 -141.527
5.343 45.818
1.862 -164.752
3.158 -19.303
1.797 -124.966
1.869 -130.58
2.326 -176.46
4.829 -130.529
1.005 -235.159
1.797 -91.558
3.852 -100.268
2.685 -173.496
4.576 -62.938
3.843 -39.467
2.714 -171.225
1.392 -135.634
3.379 -81.801
1.693 -85.184
1.922 -191.692
4.636 11.433
2.355 -195.113
4.064 -48.043
3.436 -177.529
3.375 -185.031
1.539 -68.049
3.556 -76.482
3.985 -160.08
1.391 -98.44
4.711 38.987
4.098 -111.012
2.748 -141.482
4.051 -69.296
2.021 334.572
1.099 381.138
2.069 293.792
2.992 333.464
2.076 365.71
1.636 492.229
3.689 355.438
2.272 315.195
3.47 324.839
1.506 294.143
1.27 301.522
5.835 441.586
2.607 381.787
3.612 341.453
3.117 406.361
2.477 316.462
3.242 408.592
6.241 492.35
5.395 370.04
3.576 367.535
1.3 303.842
1.682 316.883
1.958 328.743
1.112 302.173
3.584 358.779
1.579 468.612
0.951 383.838
5.548 330.105
5.534 346.485
4.519 432.353
3.171 322.813
4.193 353.901
4.885 383.018
2.658 431.56
2.964 307.741
2.73 359.51
2.591 321.91
4.814 328.922
2.1 287.014
1.756 310.314
5.399 481.956
1.256 315.146
2.807 404.788
1.336 304.545
5.101 343.119
3.583 335.2
2.676 378.165
1.007 318.427
3.269 383.143
2.293 318.035
3.47 337.384
1.691 296.662
2.019 302.959
2.051 439.346
5.458 432.894
1.477 314.503
1.746 342.711
2.306 369.921
4.978 481.241
2.059 421.772
1.836 296.887
4.528 534.453
2.879 340.375
2.248 329.361
2.417 464.34
1.899 302.359
1.305 320.568
5.214 411.387
1.717 354.53
5.416 375.002
1.819 412.178
1.727 328.741
3.036 445.049
2.123 395.102
2.228 299.558
4.6 578.195
1.271 294.231
2.001 407.036
3.207 360.282
2.198 304.572
2.929 323.755
2.172 332.724
1.112 346.696
3.205 679.769
2.879 430.953
3.303 356.103
1.934 312.799
2.351 346.119
2.011 352.012
3.238 392.183
2.472 321.844
1.733 410.944
2.771 313.704
1.273 409.478
1.436 325.39
1.671 371.418
1.226 409.357
3.113 412.714
2.304 329.179
2.486 345.075
5.895 387.66
3.207 257.016
4.711 221.218
2.581 136.403
4.74 392.521
8.112 241.547
4.477 167.885
6.278 304.141
5.091 308.016
4.673 278.232
4.309 206.171
5.005 269.83
7.57 422.027
4.247 443.275
2.317 160.167
4.11 252.674
1.754 302.311
4.275 267.371
3.057 334.304
3.017 236.768
4.805 297.307
4.395 221.508
4.028 254.33
2.741 261.406
4.655 317.409
5.102 208.373
3.877 231.781
3.673 231.678
2.331 250.907
1.875 330.468
4.575 356.831
2.848 214.789
3.781 237.228
2.451 175.188
7.569 240.613
5.468 258.469
1.884 273.805
6.377 277.536
4.322 273.835
4.058 300.173
2.201 171.737
1.969 167.094
4.17 279.141
3.557 235.32
2.076 271.812
4.606 228.348
5.364 307.341
5.29 188.262
2.72 136.418
2.716 305.952
4.824 271.24
4.209 268.597
2.384 176.447
2.614 222.763
3.875 264.273
2.053 257.836
3.558 256.356
2.199 211.796
7.199 391.191
3.944 160.257
2.084 223.703
2.423 319.649
2.27 172.363
4.361 220.303
3.951 269.377
3.091 225.866
3.822 231.098
3.393 232.645
6.398 319.202
3.871 228.008
3.592 237.035
2.961 237.745
4.98 418.499
6.454 209.489
4.375 304.219
5.759 195.19
5.416 224.969
4.01 232.918
4.704 191.705
1.753 230.395
2.511 162.6
2.868 200.185
3.414 374.902
4.129 224.954
3.021 231.301
1.945 272.271
2.078 256.977
7.076 247.852
3.518 392.864
3.557 312.111
1.977 178.698
2.667 209.623
1.81 283.034
2.809 213.498
4.102 202.71
2.722 335.723
4.399 155.951
4.266 248.983
4.128 174.117
2.494 188.353
3.622 331.673
2.563 345.237
3.031 326.997
3.099 401.805
2.913 506.63
3.687 310.127
3.231 432.172
4.079 305.61
4.29 418.407
4.143 399.417
4.893 288.575
3.703 341.641
4.432 354.99
1.655 494.718
5.184 298.997
3.582 496.767
2.772 259.548
1.548 311.748
1.095 275.842
2.113 509.541
2.722 494.854
2.521 325.287
3.15 404.008
1.994 277.356
3.353 465.802
4.154 380.685
0.982 398.626
3.905 280.959
1.302 408.806
1.237 277.567
4.25 441.271
3.32 317.935
4.082 333.488
2.861 391.129
5.215 320.975
2.395 422.84
2.047 435.787
2.719 289.476
4.41 334.042
3.231 292.673
3.806 292.197
3.025 403.21
3.301 399.588
3.896 463.494
2.399 397.985
2.5 268.192
2.449 358.76
1.106 365.874
2.098 292.795
2.107 311.178
2.835 286.93
3.106 422.318
2.243 323.998
4.645 320.675
1.695 267.4
1.879 338.634
3.528 511.453
1.891 310.035
5.64 289.645
2.811 320.287
3.99 499.544
4.449 471.961
2.309 393.918
4.582 389.495
2.246 325.85
1.776 377.463
3.255 475.986
2.832 268.887
2.661 281.381
2.714 304.691
5.431 351.82
2.693 287.598
2.762 417.916
2.009 291.619
2.7 300.154
1.688 435.291
4.116 337.588
2.506 366.652
4.007 313.945
3.206 459.872
2.86 302.97
1.706 384.249
5.357 344.29
1.099 385.618
1.242 377.082
3.592 429.333
4.945 343.842
2.745 348.743
4.294 369.114
5.585 312.983
1.732 314.931
4.4 316.43
1.483 293.605
2.438 386.302
3.704 297.82
3.141 294.516
2.339 270.06
4.475 376.785
4.344 353.928
4.207 386.453
