# evalue %pos coverage querylength bitsocre alignlen %ident
0.0024 66.67 33 36 21.26 12 41.67
0.0024 66.67 33 36 21.26 12 41.67
0.0024 77.78 25 36 16.45 9 55.56
0.0024 77.78 25 36 16.45 9 55.56
0.020 66.67 25 36 13.08 9 33.33
0.020 66.67 25 36 13.08 9 33.33
0.045 40.74 75 36 19.82 27 22.22
0.045 40.74 75 36 19.82 27 22.22
0.084 63.64 30 36 10.68 11 36.36
0.084 63.64 30 36 10.68 11 36.36
0.084 66.67 25 36 10.68 9 44.44
0.084 66.67 25 36 10.68 9 44.44
0.11 80.00 45 11 14.70 5 80.00
0.15 50.00 16 36 9.72 6 50.00
0.15 50.00 16 36 9.72 6 50.00
0.26 100.00 33 9 13.19 3 100.00
0.46 58.33 38 31 16.45 12 50.00
0.47 100.00 100 4 12.34 4 50.00
0.49 100.00 100 4 12.34 4 50.00
0.54 100.00 62 8 12.40 5 60.00
0.59 100.00 50 6 12.23 3 66.67
0.60 80.00 45 11 12.24 5 60.00
0.60 80.00 45 11 12.24 5 60.00
0.61 80.00 45 11 12.24 5 60.00
0.61 80.00 45 11 12.24 5 60.00
0.64 100.00 27 11 11.75 3 100.00
0.64 50.00 40 40 17.01 16 37.50
0.64 50.00 40 40 17.01 16 37.50
0.64 80.00 12 40 12.50 5 40.00
0.64 80.00 12 40 12.50 5 40.00
0.64 83.33 54 11 11.26 6 50.00
0.72 100.00 11 36 12.60 4 50.00
0.72 100.00 11 36 12.60 4 50.00
0.81 100.00 50 4 11.83 2 100.00
0.81 100.00 50 4 11.83 2 100.00
0.81 80.00 83 6 11.76 5 60.00
0.86 72.22 46 39 16.18 18 11.11
1.1 75.00 100 8 11.32 8 37.50
1.3 100.00 75 4 10.83 3 66.67
1.4 100.00 19 31 14.95 6 66.67
1.4 50.00 70 31 14.95 22 22.73
1.4 66.67 29 31 14.95 9 33.33
1.4 75.00 42 28 14.43 12 25.00
1.4 83.33 21 28 12.87 6 33.33
1.5 100.00 27 11 11.75 3 100.00
1.5 100.00 27 11 9.30 3 66.67
1.5 100.00 7 40 12.00 3 66.67
1.5 100.00 7 40 12.00 3 66.67
1.5 63.16 47 40 16.51 19 26.32
1.5 63.16 47 40 16.51 19 26.32
1.5 68.75 39 41 15.59 16 25.00
1.5 77.78 21 41 13.18 9 44.44
1.6 75.00 100 4 10.83 4 75.00
1.8 100.00 50 6 10.64 3 66.67
1.8 60.00 45 11 11.26 5 60.00
1.8 66.67 27 33 14.82 9 66.67
1.8 75.00 44 9 11.63 4 75.00
1.9 100.00 7 40 10.50 3 33.33
1.9 100.00 7 40 10.50 3 33.33
1.9 60.00 45 11 11.26 5 60.00
1.9 80.00 7 65 11.08 5 40.00
1.9 83.33 54 11 11.26 6 50.00
1.9 85.71 10 65 19.18 7 57.14
2.0 100.00 7 40 10.12 3 100.00
2.0 87.50 20 40 17.72 8 62.50
2.1 58.33 36 33 13.79 12 41.67
2.1 75.00 24 33 13.28 8 12.50
2.2 100.00 33 9 11.63 3 100.00
2.2 100.00 33 9 9.05 3 66.67
2.3 100.00 27 11 8.81 3 66.67
2.3 100.00 36 11 11.26 4 50.00
2.3 75.00 36 11 8.81 4 50.00
2.4 100.00 18 11 8.32 2 100.00
2.5 100.00 50 4 9.82 2 100.00
2.5 100.00 50 4 9.82 2 100.00
2.5 75.00 11 36 10.20 4 50.00
2.5 75.00 11 36 10.20 4 50.00
2.5 75.00 57 7 10.06 4 75.00
2.6 100.00 50 4 9.82 2 100.00
2.6 62.50 28 28 13.91 8 50.00
2.6 72.73 40 27 14.70 11 36.36
2.6 72.73 40 27 14.70 11 36.36
2.6 83.33 22 27 11.14 6 16.67
2.7 70.00 34 29 13.98 10 40.00
2.7 83.33 18 33 12.76 6 33.33
2.8 100.00 11 27 9.61 3 100.00
2.8 100.00 11 27 9.61 3 100.00
2.8 100.00 33 6 9.68 2 50.00
2.8 62.50 29 27 13.69 8 50.00
2.8 64.29 51 27 15.21 14 14.29
2.8 64.29 51 27 15.21 14 14.29
2.8 83.33 16 36 14.43 6 66.67
2.9 100.00 50 4 9.82 2 100.00
2.9 100.00 50 4 9.82 2 100.00
2.9 62.50 28 28 13.11 8 37.50
2.9 71.43 25 28 13.11 7 57.14
2.9 75.00 57 7 9.55 4 75.00
3.0 100.00 18 11 8.32 2 100.00
3.0 100.00 50 4 9.82 2 100.00
3.0 100.00 50 4 9.82 2 100.00
3.0 100.00 50 4 9.82 2 100.00
3.0 100.00 50 4 9.82 2 100.00
3.0 100.00 50 4 9.82 2 100.00
3.0 100.00 50 4 9.82 2 100.00
3.0 100.00 8 36 11.10 3 100.00
3.0 54.55 75 29 13.49 22 18.18
3.0 58.33 33 36 15.38 12 33.33
3.0 80.00 45 11 8.32 5 20.00
3.1 100.00 50 6 9.51 3 66.67
3.1 100.00 50 6 9.51 3 66.67
3.1 50.00 25 31 10.86 8 37.50
3.1 75.00 25 31 14.79 8 12.50
3.2 100.00 11 27 10.63 3 100.00
3.2 100.00 11 27 10.63 3 100.00
3.2 100.00 18 11 8.32 2 100.00
3.2 100.00 36 11 11.75 4 50.00
3.2 63.64 28 39 14.34 11 54.55
3.2 75.00 36 11 11.75 4 75.00
3.3 100.00 28 7 8.52 2 100.00
3.3 100.00 42 7 9.03 3 66.67
3.5 100.00 42 7 9.55 3 100.00
3.5 100.00 50 4 9.32 2 50.00
3.5 60.00 51 29 13.49 15 6.67
3.6 100.00 50 6 9.51 3 66.67
3.6 66.67 25 36 14.05 9 22.22
3.6 66.67 25 36 14.05 9 22.22
3.7 100.00 25 8 7.01 2 50.00
3.7 100.00 37 8 10.78 3 100.00
3.7 100.00 8 36 10.62 3 66.67
3.7 100.00 9 42 14.69 4 100.00
3.7 75.00 9 42 10.63 4 50.00
3.7 75.00 9 42 14.18 4 50.00
3.9 100.00 50 4 9.32 2 50.00
4.0 50.00 20 39 11.98 8 50.00
4.0 66.67 30 39 14.81 12 33.33
4.0 71.43 35 40 14.87 14 14.29
4.0 83.33 15 40 12.02 6 66.67
4.1 100.00 28 7 6.46 2 50.00
4.1 100.00 36 11 11.26 4 50.00
4.1 100.00 57 7 11.09 4 75.00
4.1 50.00 88 9 10.60 8 50.00
4.1 66.67 75 4 9.32 3 66.67
4.2 100.00 33 6 8.95 2 100.00
4.2 100.00 50 6 8.95 3 33.33
4.2 57.14 77 9 10.60 7 42.86
4.2 66.67 54 11 10.77 6 50.00
4.3 100.00 33 6 8.95 2 100.00
4.3 100.00 33 6 8.95 2 100.00
4.3 66.67 32 28 12.87 9 44.44
4.3 66.67 50 6 8.95 3 66.67
4.4 100.00 15 33 13.28 5 60.00
4.4 100.00 27 11 10.77 3 66.67
4.4 100.00 27 11 10.77 3 66.67
4.6 100.00 42 7 9.03 3 66.67
4.6 100.00 42 7 9.03 3 66.67
4.6 58.33 30 40 15.51 12 41.67
4.6 58.33 30 40 15.51 12 41.67
4.6 66.67 32 28 12.11 9 33.33
4.6 66.67 44 27 13.69 12 33.33
4.6 80.00 12 40 11.00 5 20.00
4.6 80.00 12 40 11.00 5 20.00
4.7 100.00 33 9 7.49 3 33.33
4.7 100.00 42 7 9.03 3 66.67
4.7 66.67 33 9 7.49 3 33.33
4.9 100.00 50 8 9.70 4 50.00
4.9 60.00 83 6 8.95 5 60.00
5.0 37.50 20 39 11.51 8 37.50
5.0 57.14 19 36 11.64 7 28.57
5.0 57.14 19 36 11.64 7 28.57
5.0 75.00 10 39 11.51 4 75.00
5.0 75.00 36 11 10.28 4 50.00
5.0 87.50 22 36 12.60 8 25.00
5.0 87.50 22 36 12.60 8 25.00
5.1 47.37 46 41 14.14 19 26.32
5.1 75.00 36 11 7.83 4 25.00
5.1 80.00 12 41 11.73 5 60.00
5.1 85.71 17 41 11.73 7 28.57
5.2 66.67 15 40 13.51 6 66.67
5.2 66.67 15 40 13.51 6 66.67
5.2 66.67 21 42 13.68 9 44.44
5.3 45.00 71 28 12.61 20 15.00
5.4 100.00 10 37 10.64 4 50.00
5.4 100.00 25 8 9.16 2 100.00
5.4 100.00 28 7 8.52 2 100.00
5.4 100.00 37 8 9.16 3 66.67
5.4 60.00 71 7 8.52 5 40.00
5.4 70.00 37 27 12.67 10 40.00
5.4 70.00 37 27 12.67 10 40.00
5.4 83.33 16 37 14.68 6 66.67
5.5 100.00 27 11 10.28 3 66.67
5.5 66.67 22 27 12.67 6 50.00
5.5 66.67 22 27 12.67 6 50.00
5.5 66.67 27 11 10.28 3 66.67
5.6 57.14 38 36 15.38 14 42.86
5.6 75.00 11 36 9.67 4 50.00
5.7 100.00 18 33 11.73 6 33.33
5.7 100.00 36 11 10.28 4 50.00
5.7 42.86 63 11 10.28 7 42.86
5.7 50.00 72 11 10.28 8 50.00
5.7 58.33 42 28 12.35 12 33.33
5.7 77.78 27 33 13.79 9 11.11
5.7 83.33 21 28 11.60 6 50.00
5.8 100.00 7 42 10.12 3 100.00
5.8 66.67 23 39 14.81 9 22.22
5.8 73.33 35 42 16.22 15 26.67
5.8 75.00 10 39 10.57 4 75.00
5.8 75.00 9 41 13.18 4 75.00
5.9 100.00 33 6 7.83 2 100.00
5.9 53.85 46 28 12.61 13 23.08
5.9 80.00 15 33 12.76 5 80.00
6.0 58.33 30 40 14.51 12 41.67
6.0 58.33 30 40 14.51 12 41.67
6.0 75.00 100 4 8.31 4 50.00
6.0 80.00 12 40 11.50 5 80.00
6.0 80.00 12 40 11.50 5 80.00
6.1 42.86 17 39 11.04 7 42.86
6.1 75.00 100 4 8.31 4 50.00
6.2 100.00 28 7 8.52 2 50.00
6.2 62.50 20 39 12.93 8 62.50
6.2 83.33 16 36 13.00 6 50.00
6.3 50.00 40 40 13.01 16 31.25
6.3 50.00 40 40 13.01 16 31.25
6.3 57.14 19 36 10.20 7 57.14
6.3 57.14 19 36 10.20 7 57.14
6.3 57.14 38 36 10.20 14 35.71
6.3 57.14 38 36 10.20 14 35.71
6.3 66.67 16 36 11.16 6 33.33
6.3 66.67 16 36 11.16 6 33.33
6.3 66.67 38 31 12.46 12 33.33
6.3 72.73 27 40 12.50 11 45.45
6.3 72.73 27 40 12.50 11 45.45
6.3 83.33 16 36 15.49 6 66.67
6.3 83.33 16 36 15.49 6 66.67
6.4 62.50 88 9 10.08 8 25.00
6.5 100.00 42 7 8.01 3 66.67
6.5 57.14 19 36 13.00 7 42.86
6.5 66.67 42 7 7.49 3 66.67
6.5 66.67 42 7 8.52 3 66.67
6.6 54.55 37 29 12.49 11 27.27
6.9 100.00 25 8 8.63 2 100.00
6.9 100.00 28 7 8.01 2 100.00
7.1 100.00 5 39 10.10 2 100.00
7.1 53.85 30 42 13.17 13 46.15
7.1 80.00 15 33 11.22 5 60.00
7.1 85.71 22 31 12.46 7 28.57
7.2 100.00 10 29 9.52 3 33.33
7.2 70.00 34 29 14.49 10 20.00
7.2 75.00 28 28 11.31 8 37.50
7.2 83.33 15 39 12.93 6 50.00
7.3 100.00 50 6 9.17 3 66.67
7.3 57.14 35 39 12.90 14 28.57
7.3 60.00 38 39 12.90 15 20.00
7.4 43.75 55 29 13.68 16 31.25
7.4 62.50 20 40 11.00 8 62.50
7.4 62.50 20 40 11.00 8 62.50
7.4 73.33 37 40 14.51 15 6.67
7.4 73.33 37 40 14.51 15 6.67
7.4 75.00 13 29 10.13 4 75.00
7.4 80.00 12 40 11.00 5 20.00
7.4 80.00 12 40 11.00 5 20.00
7.5 100.00 7 39 10.57 3 66.67
7.6 50.00 72 11 9.79 8 25.00
7.6 60.00 45 11 9.79 5 60.00
7.6 66.67 27 11 9.79 3 66.67
7.6 66.67 27 11 9.79 3 66.67
7.6 75.00 11 36 9.72 4 75.00
7.6 75.00 11 36 9.72 4 75.00
7.7 55.56 21 42 12.15 9 33.33
7.7 66.67 75 4 7.81 3 33.33
7.7 71.43 16 42 13.68 7 42.86
7.7 83.33 9 65 13.61 6 50.00
7.8 100.00 25 4 7.81 1 100.00
7.8 100.00 33 9 10.08 3 66.67
7.8 100.00 42 7 8.01 3 66.67
7.8 100.00 7 41 10.76 3 66.67
7.8 53.85 36 36 13.48 13 30.77
7.8 60.00 27 36 11.10 10 20.00
7.8 70.00 37 27 11.14 10 20.00
7.8 70.00 37 27 11.14 10 20.00
7.8 83.33 22 27 12.67 6 50.00
7.8 83.33 22 27 12.67 6 50.00
7.8 88.89 21 41 14.63 9 33.33
7.9 100.00 25 4 7.81 1 100.00
7.9 61.54 30 42 12.66 13 15.38
7.9 62.50 19 42 12.66 8 25.00
8.0 100.00 11 36 12.60 4 75.00
8.0 100.00 11 36 12.60 4 75.00
8.0 100.00 15 33 12.25 5 60.00
8.0 100.00 17 39 13.37 7 42.86
8.0 100.00 28 7 6.98 2 50.00
8.0 100.00 28 7 6.98 2 50.00
8.0 100.00 28 7 8.01 2 100.00
8.0 100.00 8 36 12.12 3 100.00
8.0 100.00 8 36 12.12 3 100.00
8.0 50.00 57 7 8.01 4 50.00
8.0 58.33 44 27 11.65 12 33.33
8.0 66.67 30 39 13.37 12 16.67
8.1 66.67 19 31 11.96 6 50.00
8.2 46.15 33 39 13.40 13 23.08
8.2 57.14 34 41 12.70 14 28.57
8.2 63.64 37 29 12.00 11 36.36
8.3 100.00 33 6 8.66 2 50.00
8.3 66.67 19 31 11.96 6 50.00
8.3 71.43 22 31 11.96 7 42.86
8.3 77.78 31 29 11.99 9 33.33
8.4 100.00 33 6 7.83 2 100.00
8.4 100.00 33 6 8.66 2 50.00
8.4 75.00 66 6 7.83 4 25.00
8.5 100.00 25 4 7.81 1 100.00
8.5 100.00 50 4 7.81 2 50.00
8.5 75.00 44 9 9.56 4 50.00
8.6 50.00 64 31 11.84 20 15.00
8.7 100.00 10 28 10.59 3 33.33
8.7 100.00 50 4 7.81 2 50.00
8.7 53.85 30 42 12.66 13 15.38
8.7 60.00 30 33 10.70 10 30.00
8.7 70.00 35 28 10.59 10 30.00
8.8 100.00 25 4 7.81 1 100.00
8.8 100.00 25 4 7.81 1 100.00
8.8 100.00 50 4 7.81 2 50.00
8.8 100.00 50 4 7.81 2 50.00
8.8 100.00 50 4 7.81 2 50.00
8.8 100.00 50 4 7.81 2 50.00
8.8 100.00 7 41 10.76 3 66.67
8.8 50.00 54 11 9.79 6 50.00
8.8 54.55 40 27 13.18 11 45.45
8.8 54.55 40 27 13.18 11 45.45
8.8 66.67 54 11 9.79 6 50.00
8.8 75.00 14 27 9.61 4 75.00
8.8 75.00 14 27 9.61 4 75.00
8.8 80.00 12 41 10.28 5 60.00
8.8 85.71 25 28 11.83 7 42.86
8.9 44.00 62 40 12.50 25 20.00
8.9 44.00 62 40 12.50 25 20.00
9.0 100.00 18 11 9.30 2 100.00
9.0 100.00 18 11 9.30 2 100.00
9.0 100.00 18 11 9.30 2 100.00
9.0 100.00 27 11 9.79 3 66.67
9.0 100.00 5 39 10.10 2 100.00
9.0 100.00 5 39 10.10 2 100.00
9.0 100.00 5 39 10.10 2 100.00
9.0 46.67 38 39 12.43 15 20.00
9.0 55.56 21 41 11.73 9 44.44
9.0 63.64 26 41 12.21 11 36.36
9.0 66.67 42 7 7.49 3 66.67
9.0 71.43 17 41 13.18 7 42.86
9.0 75.00 36 11 9.79 4 50.00
9.0 75.00 57 7 7.49 4 75.00
9.0 80.00 13 36 12.05 5 60.00
9.1 100.00 12 39 12.45 5 40.00
9.1 53.85 33 39 12.45 13 30.77
9.2 100.00 23 17 10.45 4 75.00
9.2 100.00 7 41 10.28 3 66.67
9.2 50.00 24 33 12.76 8 12.50
9.2 71.43 21 33 12.76 7 28.57
9.2 83.33 18 33 12.76 6 33.33
9.3 100.00 33 6 8.66 2 50.00
9.3 100.00 33 6 8.66 2 50.00
9.3 100.00 8 36 10.62 3 66.67
9.3 42.86 38 36 13.95 14 35.71
9.3 54.55 30 36 13.57 11 27.27
9.3 54.55 30 36 13.57 11 27.27
9.3 54.55 82 40 13.01 33 15.15
9.3 54.55 82 40 13.01 33 15.15
9.3 57.14 25 27 10.63 7 42.86
9.3 57.14 25 27 10.63 7 42.86
9.3 60.00 13 36 11.16 5 60.00
9.3 60.00 13 36 11.16 5 60.00
9.3 71.43 25 27 12.16 7 14.29
9.3 71.43 25 27 12.16 7 14.29
9.4 100.00 28 7 6.46 2 100.00
9.4 100.00 28 7 6.46 2 100.00
9.4 100.00 28 7 6.46 2 100.00
9.4 100.00 28 7 8.52 2 100.00
9.4 53.85 36 36 10.62 13 23.08
9.4 57.14 38 36 11.16 14 21.43
9.4 57.14 38 36 11.16 14 21.43
9.4 71.43 17 40 12.00 7 42.86
9.4 71.43 17 40 12.00 7 42.86
9.4 71.43 19 36 10.62 7 28.57
9.4 75.00 22 36 13.00 8 50.00
9.4 77.78 22 40 12.50 9 33.33
9.4 77.78 22 40 12.50 9 33.33
9.5 100.00 14 27 12.16 4 75.00
9.5 100.00 14 27 12.16 4 75.00
9.5 100.00 18 11 9.30 2 100.00
9.5 100.00 33 6 7.27 2 50.00
9.5 100.00 33 6 7.27 2 50.00
9.5 100.00 50 4 7.31 2 50.00
9.5 100.00 50 4 7.31 2 50.00
9.5 100.00 50 4 7.31 2 50.00
9.5 66.67 54 11 9.30 6 33.33
9.5 71.43 10 65 13.10 7 57.14
9.5 85.71 16 42 11.14 7 28.57
9.6 100.00 33 6 7.27 2 50.00
9.6 100.00 33 9 9.56 3 66.67
9.6 100.00 42 7 7.49 3 33.33
9.6 57.14 77 9 9.56 7 42.86
9.6 60.00 48 31 11.84 15 6.67
9.6 60.00 55 9 9.56 5 40.00
9.6 66.67 22 40 12.00 9 33.33
9.6 66.67 22 40 12.00 9 33.33
9.6 75.00 36 11 9.30 4 50.00
9.7 100.00 10 29 10.02 3 66.67
9.7 100.00 50 4 7.31 2 50.00
9.7 100.00 50 4 7.31 2 50.00
9.7 100.00 50 4 7.31 2 50.00
9.7 58.33 41 29 13.00 12 33.33
9.7 77.78 23 39 12.93 9 33.33
9.7 80.00 12 39 11.51 5 60.00
9.8 100.00 10 40 12.00 4 75.00
9.8 100.00 10 40 12.00 4 75.00
9.8 100.00 28 7 6.46 2 100.00
9.8 100.00 33 6 7.27 2 50.00
9.8 60.00 71 7 7.49 5 60.00
9.8 66.67 42 7 9.03 3 66.67
9.8 75.00 57 7 7.49 4 25.00
9.8 75.00 57 7 7.49 4 25.00
9.9 100.00 17 28 11.31 5 40.00
9.9 100.00 28 7 7.49 2 100.00
9.9 100.00 42 7 7.49 3 33.33
9.9 100.00 42 7 7.49 3 66.67
9.9 50.00 25 40 12.00 10 40.00
9.9 50.00 25 40 12.00 10 40.00
9.9 56.25 38 42 12.15 16 18.75
9.9 60.00 71 7 7.49 5 40.00
9.9 63.64 27 40 12.97 11 27.27
9.9 70.00 27 37 12.15 10 30.00
10. 100.00 12 33 9.67 4 50.00
10. 100.00 16 6 8.15 1 100.00
10. 100.00 17 28 10.09 5 40.00
10. 100.00 18 11 9.30 2 100.00
10. 100.00 18 11 9.30 2 100.00
10. 100.00 18 11 9.30 2 100.00
10. 100.00 18 11 9.30 2 100.00
10. 100.00 20 29 13.00 6 33.33
10. 100.00 27 11 9.30 3 66.67
10. 100.00 33 6 7.27 2 50.00
10. 100.00 33 6 7.27 2 50.00
10. 100.00 33 6 7.27 2 50.00
10. 100.00 50 4 7.31 2 50.00
10. 100.00 50 4 7.31 2 50.00
10. 46.15 46 28 10.09 13 30.77
10. 50.00 33 36 14.05 12 33.33
10. 50.00 33 36 14.05 12 33.33
10. 60.00 17 28 10.09 5 60.00
10. 60.00 35 28 10.09 10 30.00
10. 66.67 21 28 10.09 6 16.67
10. 66.67 27 11 9.30 3 66.67
10. 66.67 75 4 7.31 3 66.67
10. 71.43 25 28 10.09 7 42.86
10. 75.00 14 28 10.09 4 50.00
10. 75.00 36 11 9.30 4 50.00
10. 80.00 17 29 10.51 5 40.00
11. 100.00 10 37 12.66 4 75.00
11. 100.00 11 27 9.61 3 66.67
11. 100.00 11 27 9.61 3 66.67
11. 100.00 11 36 9.67 4 50.00
11. 100.00 12 40 13.51 5 60.00
11. 100.00 12 40 13.51 5 60.00
11. 100.00 14 28 11.31 4 75.00
11. 100.00 16 6 8.15 1 100.00
11. 100.00 16 6 8.15 1 100.00
11. 100.00 16 6 8.15 1 100.00
11. 100.00 16 6 8.15 1 100.00
11. 100.00 18 11 9.30 2 100.00
11. 100.00 18 11 9.30 2 100.00
11. 100.00 18 11 9.30 2 100.00
11. 100.00 18 11 9.30 2 100.00
11. 100.00 25 8 7.55 2 100.00
11. 100.00 25 8 9.16 2 100.00
11. 100.00 27 11 9.30 3 66.67
11. 100.00 28 7 6.98 2 50.00
11. 100.00 33 6 7.27 2 50.00
11. 100.00 33 6 7.27 2 50.00
11. 100.00 33 6 7.27 2 50.00
11. 100.00 33 9 9.05 3 66.67
11. 100.00 50 4 7.31 2 50.00
11. 100.00 50 4 7.31 2 50.00
11. 100.00 50 4 7.31 2 50.00
11. 100.00 50 4 7.31 2 50.00
11. 100.00 5 36 9.67 2 100.00
11. 100.00 5 36 9.67 2 100.00
11. 100.00 6 65 12.59 4 75.00
11. 50.00 39 41 14.14 16 37.50
11. 50.00 47 17 9.95 8 50.00
11. 55.56 48 37 11.65 18 27.78
11. 57.14 17 39 11.02 7 28.57
11. 60.00 25 40 11.50 10 30.00
11. 60.00 25 40 11.50 10 30.00
11. 62.50 19 42 10.63 8 37.50
11. 62.50 20 39 13.37 8 50.00
11. 63.64 35 31 11.35 11 18.18
11. 64.29 33 42 10.63 14 7.14
11. 64.29 38 36 10.68 14 7.14
11. 64.29 38 36 10.68 14 7.14
11. 66.67 22 40 10.00 9 44.44
11. 66.67 22 40 10.00 9 44.44
11. 66.67 25 36 13.95 9 44.44
11. 66.67 42 7 8.01 3 66.67
11. 66.67 50 6 7.27 3 66.67
11. 66.67 7 42 10.12 3 66.67
11. 66.67 75 4 6.80 3 33.33
11. 70.00 23 42 14.69 10 40.00
11. 71.43 17 40 12.00 7 57.14
11. 71.43 17 40 12.00 7 57.14
11. 71.43 41 17 9.95 7 42.86
11. 72.73 28 39 11.98 11 27.27
11. 75.00 29 27 12.67 8 37.50
11. 75.00 29 27 12.67 8 37.50
11. 80.00 13 36 9.67 5 40.00
11. 80.00 16 31 11.47 5 40.00
11. 80.00 17 29 10.64 5 60.00
11. 80.00 18 27 12.16 5 60.00
11. 80.00 18 27 12.16 5 60.00
11. 80.00 45 11 9.30 5 20.00
11. 83.33 14 41 10.28 6 66.67
11. 83.33 14 42 10.12 6 33.33
11. 83.33 19 31 11.35 6 66.67
11. 85.71 19 36 10.68 7 14.29
11. 85.71 19 36 10.68 7 14.29
12. 100.00 10 29 11.00 3 66.67
12. 100.00 10 29 11.65 3 66.67
12. 100.00 11 27 11.14 3 100.00
12. 100.00 11 27 11.14 3 100.00
12. 100.00 11 36 12.12 4 75.00
12. 100.00 11 36 12.12 4 75.00
12. 100.00 12 33 11.22 4 75.00
12. 100.00 12 33 11.22 4 75.00
12. 100.00 13 29 11.50 4 25.00
12. 100.00 14 27 11.65 4 75.00
12. 100.00 14 27 11.65 4 75.00
12. 100.00 16 6 8.15 1 100.00
12. 100.00 16 6 8.15 1 100.00
12. 100.00 18 11 8.81 2 100.00
12. 100.00 22 9 7.49 2 50.00
12. 100.00 22 9 8.53 2 100.00
12. 100.00 22 9 8.53 2 100.00
12. 100.00 28 7 6.46 2 100.00
12. 100.00 28 7 6.46 2 100.00
12. 100.00 33 9 10.08 3 66.67
12. 100.00 33 9 8.53 3 66.67
12. 100.00 8 36 12.12 3 100.00
12. 100.00 8 36 12.12 3 100.00
12. 100.00 9 33 11.22 3 100.00
12. 35.29 47 36 11.10 17 29.41
12. 50.00 25 39 11.51 10 40.00
12. 50.00 28 28 9.58 8 12.50
12. 50.00 66 9 8.53 6 33.33
12. 52.94 42 40 11.50 17 23.53
12. 52.94 42 40 11.50 17 23.53
12. 55.00 68 29 11.14 20 15.00
12. 56.25 40 40 11.50 16 31.25
12. 56.25 40 40 11.50 16 31.25
12. 57.14 17 40 12.50 7 42.86
12. 57.14 17 40 12.50 7 42.86
12. 58.33 38 31 10.86 12 25.00
12. 60.00 35 28 10.59 10 30.00
12. 62.50 20 40 11.50 8 37.50
12. 62.50 20 40 11.50 8 37.50
12. 62.50 25 31 10.97 8 50.00
12. 64.29 35 39 11.51 14 21.43
12. 66.67 22 27 10.63 6 50.00
12. 66.67 22 27 10.63 6 50.00
12. 66.67 22 27 10.63 6 50.00
12. 66.67 22 27 10.63 6 50.00
12. 66.67 27 11 8.81 3 66.67
12. 66.67 27 11 8.81 3 66.67
12. 66.67 27 11 8.81 3 66.67
12. 66.67 42 7 8.52 3 66.67
12. 66.67 75 4 6.80 3 66.67
12. 70.00 58 17 9.95 10 30.00
12. 71.43 19 36 12.53 7 42.86
12. 75.00 12 31 10.97 4 75.00
12. 75.00 14 27 11.65 4 75.00
12. 75.00 14 27 11.65 4 75.00
12. 75.00 25 31 10.97 8 25.00
12. 75.00 27 29 13.00 8 25.00
12. 75.00 36 11 8.81 4 50.00
12. 75.00 36 11 8.81 4 50.00
12. 75.00 44 9 8.53 4 50.00
12. 75.00 9 41 11.73 4 75.00
12. 75.00 9 41 12.21 4 75.00
12. 77.78 13 65 12.59 9 22.22
12. 80.00 12 41 11.73 5 60.00
12. 80.00 13 36 11.10 5 60.00
12. 80.00 16 31 10.97 5 40.00
12. 80.00 17 28 9.58 5 20.00
12. 80.00 17 28 9.58 5 20.00
12. 80.00 17 29 10.02 5 60.00
12. 83.33 15 40 12.49 6 33.33
12. 83.33 22 27 10.63 6 50.00
12. 83.33 22 27 10.63 6 50.00
12. 85.71 22 31 12.46 7 42.86
12. 85.71 25 27 10.63 7 28.57
12. 85.71 25 27 10.63 7 28.57
13. 100.00 10 29 10.50 3 33.33
13. 100.00 10 39 11.04 4 75.00
13. 100.00 11 36 12.05 4 75.00
13. 100.00 12 33 9.67 4 50.00
13. 100.00 12 39 10.55 5 40.00
13. 100.00 15 40 11.00 6 33.33
13. 100.00 15 40 11.00 6 33.33
13. 100.00 18 11 8.32 2 100.00
13. 100.00 18 11 8.81 2 100.00
13. 100.00 18 11 8.81 2 100.00
13. 100.00 25 4 6.30 1 100.00
13. 100.00 25 4 6.30 1 100.00
13. 100.00 25 4 6.30 1 100.00
13. 100.00 25 4 6.30 1 100.00
13. 100.00 25 4 6.30 1 100.00
13. 100.00 25 4 6.30 1 100.00
13. 100.00 25 4 6.30 1 100.00
13. 100.00 25 4 6.30 1 100.00
13. 100.00 25 4 6.30 1 100.00
13. 100.00 25 4 6.30 1 100.00
13. 100.00 25 4 6.30 1 100.00
13. 100.00 25 4 6.30 1 100.00
13. 100.00 25 4 6.30 1 100.00
13. 100.00 25 4 6.30 1 100.00
13. 100.00 25 4 6.30 1 100.00
13. 100.00 25 4 6.30 1 100.00
13. 100.00 25 4 6.30 1 100.00
13. 100.00 25 4 6.30 1 100.00
13. 100.00 25 4 6.30 1 100.00
13. 100.00 25 4 6.30 1 100.00
13. 100.00 25 4 6.30 1 100.00
13. 100.00 25 4 6.30 1 100.00
13. 100.00 25 4 6.30 1 100.00
13. 100.00 25 4 6.30 1 100.00
13. 100.00 25 4 6.30 1 100.00
13. 100.00 25 4 6.30 1 100.00
13. 100.00 25 4 6.30 1 100.00
13. 100.00 25 4 6.30 1 100.00
13. 100.00 25 4 6.30 1 100.00
13. 100.00 25 4 6.30 1 100.00
13. 100.00 25 4 6.30 1 100.00
13. 100.00 25 4 6.30 1 100.00
13. 100.00 25 4 6.30 1 100.00
13. 100.00 25 4 6.30 1 100.00
13. 100.00 25 4 6.30 1 100.00
13. 100.00 25 4 6.30 1 100.00
13. 100.00 25 4 6.30 1 100.00
13. 100.00 25 4 6.30 1 100.00
13. 100.00 25 4 6.30 1 100.00
13. 100.00 25 4 6.30 1 100.00
13. 100.00 25 4 6.30 1 100.00
13. 100.00 25 4 6.30 1 100.00
13. 100.00 25 4 6.30 1 100.00
13. 100.00 25 4 6.30 1 100.00
13. 100.00 25 4 6.30 1 100.00
13. 100.00 25 4 6.30 1 100.00
13. 100.00 25 4 6.30 1 100.00
13. 100.00 25 4 6.30 1 100.00
13. 100.00 25 4 6.30 1 100.00
13. 100.00 25 4 6.30 1 100.00
13. 100.00 25 4 6.30 1 100.00
13. 100.00 25 4 6.30 1 100.00
13. 100.00 25 4 6.30 1 100.00
13. 100.00 25 4 6.30 1 100.00
13. 100.00 25 4 6.30 1 100.00
13. 100.00 25 4 6.30 1 100.00
13. 100.00 25 4 6.30 1 100.00
13. 100.00 25 4 6.30 1 100.00
13. 100.00 25 4 6.30 1 100.00
13. 100.00 25 4 6.30 1 100.00
13. 100.00 25 4 6.30 1 100.00
13. 100.00 25 4 6.30 1 100.00
13. 100.00 25 4 6.30 1 100.00
13. 100.00 25 4 6.30 1 100.00
13. 100.00 25 4 6.30 1 100.00
13. 100.00 25 4 6.30 1 100.00
13. 100.00 25 4 6.30 1 100.00
13. 100.00 25 4 6.30 1 100.00
13. 100.00 25 4 6.30 1 100.00
13. 100.00 25 4 6.30 1 100.00
13. 100.00 25 4 6.30 1 100.00
13. 100.00 25 4 6.30 1 100.00
13. 100.00 25 4 6.30 1 100.00
13. 100.00 25 4 6.30 1 100.00
13. 100.00 25 4 6.30 1 100.00
13. 100.00 25 4 6.30 1 100.00
13. 100.00 25 4 6.30 1 100.00
13. 100.00 25 4 6.30 1 100.00
13. 100.00 25 4 6.30 1 100.00
13. 100.00 25 4 6.30 1 100.00
13. 100.00 25 4 6.30 1 100.00
13. 100.00 25 4 6.30 1 100.00
13. 100.00 25 4 6.30 1 100.00
13. 100.00 25 4 6.30 1 100.00
13. 100.00 25 4 6.30 1 100.00
13. 100.00 25 4 6.30 1 100.00
13. 100.00 25 4 6.30 1 100.00
13. 100.00 25 4 6.30 1 100.00
13. 100.00 25 4 6.30 1 100.00
13. 100.00 25 4 6.30 1 100.00
13. 100.00 25 4 6.30 1 100.00
13. 100.00 25 4 6.30 1 100.00
13. 100.00 25 4 6.30 1 100.00
13. 100.00 25 4 6.30 1 100.00
13. 100.00 25 4 6.30 1 100.00
13. 100.00 25 4 6.30 1 100.00
13. 100.00 25 4 6.30 1 100.00
13. 100.00 25 4 6.30 1 100.00
13. 100.00 25 4 6.30 1 100.00
13. 100.00 25 4 6.30 1 100.00
13. 100.00 25 4 6.30 1 100.00
13. 100.00 25 4 6.30 1 100.00
13. 100.00 25 4 6.30 1 100.00
13. 100.00 25 4 6.30 1 100.00
13. 100.00 25 4 6.30 1 100.00
13. 100.00 25 4 6.30 1 100.00
13. 100.00 25 4 6.30 1 100.00
13. 100.00 25 4 6.30 1 100.00
13. 100.00 25 4 6.30 1 100.00
13. 100.00 25 4 6.30 1 100.00
13. 100.00 25 4 6.30 1 100.00
13. 100.00 25 4 6.30 1 100.00
13. 100.00 25 4 6.30 1 100.00
13. 100.00 25 4 6.30 1 100.00
13. 100.00 25 4 6.30 1 100.00
13. 100.00 25 4 6.30 1 100.00
13. 100.00 25 4 6.30 1 100.00
13. 100.00 25 4 6.30 1 100.00
13. 100.00 25 4 6.30 1 100.00
13. 100.00 25 4 6.30 1 100.00
13. 100.00 25 4 6.30 1 100.00
13. 100.00 25 4 6.30 1 100.00
13. 100.00 25 4 6.30 1 100.00
13. 100.00 25 8 7.55 2 100.00
13. 100.00 25 8 7.55 2 100.00
13. 100.00 25 8 7.55 2 100.00
13. 100.00 25 8 7.55 2 100.00
13. 100.00 25 8 7.55 2 100.00
13. 100.00 25 8 7.55 2 100.00
13. 100.00 25 8 8.09 2 100.00
13. 100.00 27 11 8.81 3 66.67
13. 100.00 27 11 8.81 3 66.67
13. 100.00 28 7 6.98 2 50.00
13. 100.00 28 7 6.98 2 50.00
13. 100.00 28 7 6.98 2 50.00
13. 100.00 36 11 8.32 4 25.00
13. 100.00 36 11 8.32 4 25.00
13. 100.00 37 8 7.01 3 33.33
13. 100.00 37 8 8.09 3 66.67
13. 100.00 50 4 6.30 2 50.00
13. 100.00 7 39 11.02 3 66.67
13. 100.00 7 39 11.04 3 100.00
13. 100.00 7 40 11.00 3 100.00
13. 100.00 7 40 11.00 3 100.00
13. 100.00 8 36 11.10 3 100.00
13. 100.00 9 31 10.37 3 100.00
13. 100.00 9 41 10.76 4 75.00
13. 37.93 80 36 10.68 29 27.59
13. 37.93 80 36 10.68 29 27.59
13. 44.44 52 17 8.96 9 33.33
13. 46.15 41 31 10.47 13 38.46
13. 48.15 67 40 11.00 27 14.81
13. 48.15 67 40 11.00 27 14.81
13. 50.00 30 33 10.70 10 40.00
13. 50.00 54 11 8.81 6 50.00
13. 50.00 59 27 10.63 16 12.50
13. 50.00 59 27 10.63 16 12.50
13. 50.00 66 9 8.53 6 33.33
13. 52.94 43 39 11.02 17 23.53
13. 53.33 40 37 10.64 15 13.33
13. 53.85 30 42 14.18 13 38.46
13. 54.55 27 40 11.07 11 18.18
13. 54.55 35 31 10.86 11 18.18
13. 54.55 37 29 10.51 11 9.09
13. 55.56 21 41 11.25 9 44.44
13. 55.56 29 31 12.82 9 11.11
13. 55.56 52 17 8.96 9 33.33
13. 57.14 16 42 11.64 7 28.57
13. 57.14 19 36 11.16 7 57.14
13. 57.14 19 36 11.16 7 57.14
13. 57.14 22 31 10.37 7 57.14
13. 58.82 41 41 11.25 17 17.65
13. 60.00 27 37 11.14 10 20.00
13. 60.00 32 31 10.37 10 40.00
13. 61.54 33 39 11.04 13 30.77
13. 61.54 41 31 10.86 13 23.08
13. 62.50 25 31 10.47 8 25.00
13. 63.64 26 42 12.66 11 18.18
13. 64.29 48 29 10.50 14 21.43
13. 66.67 15 40 11.00 6 50.00
13. 66.67 15 40 11.00 6 50.00
13. 66.67 18 33 10.70 6 50.00
13. 66.67 24 37 11.14 9 33.33
13. 66.67 27 11 8.32 3 66.67
13. 66.67 27 11 8.81 3 66.67
13. 66.67 27 11 8.81 3 66.67
13. 66.67 27 11 8.81 3 66.67
13. 66.67 27 33 12.76 9 11.11
13. 66.67 30 40 11.07 12 25.00
13. 66.67 37 8 7.01 3 66.67
13. 66.67 37 8 7.55 3 66.67
13. 66.67 37 8 7.55 3 66.67
13. 66.67 42 7 6.98 3 33.33
13. 66.67 42 7 6.98 3 66.67
13. 66.67 42 7 6.98 3 66.67
13. 69.23 41 31 10.97 13 23.08
13. 71.43 16 42 11.14 7 42.86
13. 75.00 10 39 10.57 4 75.00
13. 75.00 11 36 10.62 4 75.00
13. 75.00 12 33 9.67 4 75.00
13. 75.00 19 41 11.25 8 37.50
13. 75.00 36 11 8.81 4 50.00
13. 75.00 36 11 8.81 4 50.00
13. 75.00 57 7 6.98 4 50.00
13. 75.00 9 41 11.73 4 50.00
13. 80.00 11 42 11.14 5 40.00
13. 80.00 15 33 10.70 5 40.00
13. 80.00 15 33 10.70 5 60.00
13. 80.00 17 28 10.27 5 40.00
13. 80.00 17 28 10.27 5 60.00
13. 80.00 17 29 10.51 5 60.00
13. 80.00 18 27 10.12 5 40.00
13. 80.00 18 27 10.12 5 40.00
13. 80.00 37 27 10.63 10 20.00
13. 80.00 37 27 10.63 10 20.00
13. 80.00 62 8 8.09 5 20.00
13. 83.33 18 33 10.70 6 50.00
13. 83.33 21 28 10.09 6 50.00
14. 100.00 10 28 9.23 3 66.67
14. 100.00 10 28 9.23 3 66.67
14. 100.00 10 29 10.00 3 33.33
14. 100.00 10 29 10.00 3 66.67
14. 100.00 10 29 10.00 3 66.67
14. 100.00 10 29 9.52 3 33.33
14. 100.00 11 17 8.46 2 100.00
14. 100.00 11 17 8.46 2 100.00
14. 100.00 11 17 8.46 2 100.00
14. 100.00 11 17 8.46 2 100.00
14. 100.00 11 17 8.46 2 100.00
14. 100.00 11 27 9.61 3 66.67
14. 100.00 11 27 9.61 3 66.67
14. 100.00 12 40 10.59 5 40.00
14. 100.00 13 29 10.02 4 25.00
14. 100.00 13 29 10.64 4 50.00
14. 100.00 15 39 10.57 6 16.67
14. 100.00 16 31 11.47 5 20.00
14. 100.00 16 31 11.47 5 20.00
14. 100.00 16 6 8.15 1 100.00
14. 100.00 17 17 8.46 3 66.67
14. 100.00 17 17 8.46 3 66.67
14. 100.00 17 17 8.96 3 66.67
14. 100.00 18 11 8.32 2 100.00
14. 100.00 18 11 8.32 2 100.00
14. 100.00 22 9 7.49 2 100.00
14. 100.00 22 9 7.49 2 50.00
14. 100.00 22 9 7.49 2 50.00
14. 100.00 22 9 7.49 2 50.00
14. 100.00 22 9 7.49 2 50.00
14. 100.00 22 9 8.01 2 100.00
14. 100.00 23 17 8.46 4 50.00
14. 100.00 25 8 7.55 2 100.00
14. 100.00 25 8 7.55 2 100.00
14. 100.00 27 11 7.83 3 33.33
14. 100.00 27 11 7.83 3 33.33
14. 100.00 27 11 7.83 3 33.33
14. 100.00 28 7 6.46 2 100.00
14. 100.00 28 7 6.46 2 100.00
14. 100.00 28 7 6.46 2 50.00
14. 100.00 28 7 6.46 2 50.00
14. 100.00 28 7 6.46 2 50.00
14. 100.00 33 6 6.71 2 50.00
14. 100.00 33 6 6.71 2 50.00
14. 100.00 33 9 7.49 3 33.33
14. 100.00 33 9 7.49 3 33.33
14. 100.00 33 9 8.01 3 33.33
14. 100.00 33 9 8.01 3 33.33
14. 100.00 37 8 7.01 3 33.33
14. 100.00 37 8 7.55 3 33.33
14. 100.00 42 7 6.46 3 33.33
14. 100.00 42 7 6.46 3 33.33
14. 100.00 42 7 6.98 3 33.33
14. 100.00 4 41 10.28 2 100.00
14. 100.00 4 41 10.28 2 100.00
14. 100.00 4 41 10.28 2 100.00
14. 100.00 4 41 10.28 2 100.00
14. 100.00 4 65 11.58 3 100.00
14. 100.00 50 6 7.13 3 33.33
14. 100.00 50 6 7.13 3 33.33
14. 100.00 5 36 9.67 2 100.00
14. 100.00 5 36 9.67 2 100.00
14. 100.00 5 36 9.72 2 100.00
14. 100.00 5 36 9.72 2 100.00
14. 100.00 5 36 9.72 2 100.00
14. 100.00 5 36 9.72 2 100.00
14. 100.00 5 39 10.10 2 100.00
14. 100.00 7 39 10.57 3 66.67
14. 100.00 7 41 10.28 3 66.67
14. 100.00 7 41 10.76 3 33.33
14. 100.00 7 42 10.63 3 100.00
14. 100.00 8 36 10.15 3 66.67
14. 100.00 8 37 10.13 3 66.67
14. 100.00 9 31 9.39 3 66.67
14. 100.00 9 33 9.67 3 100.00
14. 100.00 9 33 9.67 3 66.67
14. 35.29 54 31 9.97 17 29.41
14. 35.71 38 36 10.20 14 28.57
14. 35.71 38 36 10.20 14 28.57
14. 36.36 61 36 10.20 22 18.18
14. 36.36 61 36 10.20 22 18.18
14. 40.00 55 9 8.01 5 40.00
14. 40.00 55 9 8.01 5 40.00
14. 40.00 58 17 8.46 10 30.00
14. 40.00 83 6 6.71 5 40.00
14. 41.18 58 29 9.63 17 11.76
14. 42.86 16 42 10.12 7 14.29
14. 43.75 43 37 13.67 16 31.25
14. 43.75 44 36 13.00 16 37.50
14. 44.44 25 36 10.15 9 44.44
14. 44.44 31 29 10.00 9 11.11
14. 44.44 31 29 9.51 9 44.44
14. 45.00 68 29 10.02 20 20.00
14. 45.45 30 36 9.72 11 27.27
14. 45.45 30 36 9.72 11 27.27
14. 45.45 37 29 10.02 11 36.36
14. 46.15 33 39 10.08 13 15.38
14. 47.37 29 65 11.08 19 21.05
14. 50.00 15 39 10.57 6 50.00
14. 50.00 16 36 10.15 6 50.00
14. 50.00 21 28 9.58 6 33.33
14. 50.00 35 17 8.46 6 33.33
14. 50.00 38 31 9.47 12 25.00
14. 50.00 38 36 9.67 14 28.57
14. 50.00 44 9 7.49 4 25.00
14. 50.00 44 9 7.49 4 50.00
14. 50.00 44 9 7.49 4 50.00
14. 50.00 44 9 8.01 4 50.00
14. 50.00 44 9 8.01 4 50.00
14. 50.00 44 9 8.01 4 50.00
14. 50.00 50 8 7.01 4 50.00
14. 50.00 50 8 7.01 4 50.00
14. 50.00 58 17 8.46 10 40.00
14. 54.55 29 37 10.64 11 18.18
14. 55.56 21 41 10.28 9 44.44
14. 55.56 31 29 10.02 9 44.44
14. 55.56 52 17 8.46 9 33.33
14. 57.14 22 31 9.39 7 42.86
14. 57.14 22 31 9.47 7 42.86
14. 57.14 24 29 10.00 7 14.29
14. 57.14 24 29 9.52 7 42.86
14. 57.14 34 41 10.76 14 28.57
14. 57.14 41 17 8.96 7 28.57
14. 57.14 77 9 8.01 7 28.57
14. 58.33 38 31 10.37 12 25.00
14. 60.00 12 40 10.00 5 40.00
14. 60.00 12 40 10.00 5 40.00
14. 60.00 12 40 10.00 5 60.00
14. 60.00 12 40 10.00 5 60.00
14. 60.00 18 27 9.61 5 60.00
14. 60.00 18 27 9.61 5 60.00
14. 60.00 25 39 10.10 10 20.00
14. 60.00 45 11 7.83 5 40.00
14. 60.00 55 9 7.49 5 40.00
14. 60.00 55 9 8.01 5 40.00
14. 60.00 55 9 8.01 5 40.00
14. 60.00 55 9 8.01 5 40.00
14. 60.00 62 8 7.01 5 40.00
14. 60.00 62 8 7.01 5 40.00
14. 60.00 71 7 6.46 5 20.00
14. 60.00 7 65 11.08 5 40.00
14. 60.00 7 65 11.08 5 60.00
14. 60.00 83 6 6.71 5 20.00
14. 61.54 32 40 10.00 13 23.08
14. 61.54 32 40 10.00 13 23.08
14. 62.50 19 42 10.12 8 25.00
14. 62.50 20 40 10.00 8 37.50
14. 62.50 20 40 10.00 8 37.50
14. 62.50 25 31 9.47 8 12.50
14. 62.50 29 27 9.61 8 37.50
14. 62.50 29 27 9.61 8 37.50
14. 63.64 35 31 11.47 11 27.27
14. 66.67 14 42 10.12 6 33.33
14. 66.67 14 42 10.12 6 50.00
14. 66.67 18 33 10.19 6 33.33
14. 66.67 20 29 9.51 6 50.00
14. 66.67 21 28 9.58 6 50.00
14. 66.67 21 42 10.63 9 22.22
14. 66.67 22 27 9.61 6 50.00
14. 66.67 22 27 9.61 6 50.00
14. 66.67 27 11 8.32 3 66.67
14. 66.67 27 11 8.32 3 66.67
14. 66.67 27 11 8.32 3 66.67
14. 66.67 27 11 8.32 3 66.67
14. 66.67 29 41 10.28 12 25.00
14. 66.67 31 29 9.52 9 22.22
14. 66.67 33 9 7.49 3 33.33
14. 66.67 33 9 7.49 3 33.33
14. 66.67 33 9 7.49 3 66.67
14. 66.67 33 9 7.49 3 66.67
14. 66.67 33 9 8.01 3 66.67
14. 66.67 33 9 8.01 3 66.67
14. 66.67 33 9 8.01 3 66.67
14. 66.67 37 8 7.01 3 66.67
14. 66.67 37 8 7.01 3 66.67
14. 66.67 38 31 9.97 12 33.33
14. 66.67 50 6 6.71 3 33.33
14. 66.67 50 6 6.71 3 33.33
14. 66.67 50 6 6.71 3 66.67
14. 66.67 54 11 7.83 6 33.33
14. 66.67 9 31 9.47 3 66.67
14. 66.67 9 65 11.58 6 50.00
14. 68.75 44 36 13.48 16 18.75
14. 70.00 25 40 12.00 10 30.00
14. 70.00 25 40 12.00 10 30.00
14. 70.00 34 29 9.63 10 20.00
14. 71.43 22 31 9.97 7 14.29
14. 71.43 24 29 10.00 7 28.57
14. 72.73 28 39 10.10 11 9.09
14. 72.73 28 39 10.57 11 9.09
14. 72.73 37 29 10.00 11 27.27
14. 72.73 37 29 9.51 11 18.18
14. 75.00 10 37 10.64 4 75.00
14. 75.00 11 36 10.68 4 50.00
14. 75.00 11 36 10.68 4 50.00
14. 75.00 11 36 11.58 4 75.00
14. 75.00 12 31 9.88 4 75.00
14. 75.00 12 33 10.19 4 75.00
14. 75.00 13 29 9.51 4 50.00
14. 75.00 14 28 9.23 4 75.00
14. 75.00 24 33 10.19 8 37.50
14. 75.00 44 9 7.49 4 25.00
14. 75.00 44 9 7.49 4 50.00
14. 75.00 50 8 7.01 4 50.00
14. 75.00 57 7 6.46 4 50.00
14. 75.00 9 42 10.12 4 75.00
14. 75.00 9 42 10.63 4 50.00
14. 77.78 21 42 10.63 9 22.22
14. 80.00 11 42 10.12 5 20.00
14. 80.00 11 42 10.12 5 60.00
14. 80.00 12 40 10.59 5 60.00
14. 80.00 13 36 10.62 5 40.00
14. 80.00 13 37 10.64 5 60.00
14. 80.00 15 33 9.67 5 60.00
14. 80.00 16 31 10.37 5 60.00
14. 80.00 16 31 9.97 5 40.00
14. 80.00 16 31 9.97 5 60.00
14. 80.00 16 31 9.97 5 60.00
14. 80.00 17 28 9.58 5 40.00
14. 80.00 17 28 9.58 5 60.00
14. 80.00 18 27 10.12 5 40.00
14. 80.00 18 27 10.12 5 40.00
14. 80.00 18 27 9.61 5 60.00
14. 80.00 18 27 9.61 5 60.00
14. 80.00 55 9 7.49 5 20.00
14. 80.00 71 7 6.46 5 40.00
14. 80.00 71 7 6.46 5 40.00
14. 83.33 14 41 10.28 6 50.00
14. 83.33 14 42 10.63 6 16.67
14. 83.33 18 33 11.73 6 33.33
14. 83.33 19 31 9.88 6 33.33
14. 83.33 21 28 9.58 6 33.33
14. 83.33 35 17 10.94 6 50.00
14. 87.50 22 36 10.68 8 25.00
14. 87.50 22 36 10.68 8 25.00
15. 100.00 10 40 10.50 4 50.00
15. 100.00 10 40 10.50 4 50.00
15. 100.00 16 6 8.15 1 100.00
15. 100.00 22 9 8.53 2 100.00
15. 100.00 25 8 9.16 2 100.00
15. 100.00 27 11 9.79 3 66.67
15. 100.00 33 9 9.05 3 66.67
15. 100.00 5 36 9.72 2 100.00
15. 100.00 5 36 9.72 2 100.00
15. 100.00 8 37 10.13 3 66.67
15. 40.00 34 29 10.02 10 30.00
15. 45.00 54 37 10.13 20 10.00
15. 50.00 16 36 9.72 6 33.33
15. 50.00 16 36 9.72 6 33.33
15. 57.14 19 36 9.72 7 28.57
15. 57.14 19 36 9.72 7 28.57
15. 62.50 28 28 12.11 8 37.50
15. 66.67 10 28 9.23 3 66.67
15. 71.43 24 29 12.00 7 28.57
15. 71.43 24 29 13.00 7 57.14
15. 71.43 25 28 12.35 7 57.14
15. 83.33 15 39 10.08 6 50.00
15. 83.33 15 40 10.12 6 66.67
16. 100.00 10 28 9.58 3 100.00
16. 100.00 10 28 9.58 3 100.00
16. 100.00 11 36 13.48 4 75.00
16. 100.00 13 29 11.00 4 75.00
16. 100.00 28 7 6.46 2 50.00
16. 100.00 28 7 7.49 2 100.00
16. 100.00 28 7 7.49 2 100.00
16. 100.00 28 7 7.49 2 100.00
16. 100.00 28 7 7.49 2 50.00
16. 100.00 5 36 9.67 2 100.00
16. 100.00 8 37 11.65 3 66.67
16. 100.00 9 33 11.22 3 33.33
16. 47.06 47 36 12.05 17 29.41
16. 47.62 51 41 12.70 21 23.81
16. 50.00 33 42 11.14 14 14.29
16. 50.00 35 40 10.50 14 28.57
16. 50.00 35 40 10.50 14 28.57
16. 50.00 45 31 11.47 14 35.71
16. 54.55 30 36 11.58 11 36.36
16. 57.14 19 36 9.67 7 28.57
16. 61.54 46 28 12.61 13 30.77
16. 62.50 20 40 11.54 8 25.00
16. 62.50 20 40 12.49 8 25.00
16. 63.64 27 40 10.50 11 27.27
16. 63.64 27 40 10.50 11 27.27
16. 63.64 40 27 10.12 11 27.27
16. 63.64 40 27 10.12 11 27.27
16. 66.67 27 33 12.76 9 11.11
16. 66.67 29 31 11.47 9 44.44
16. 66.67 31 29 11.00 9 33.33
16. 75.00 12 33 10.19 4 75.00
16. 75.00 9 41 10.28 4 50.00
16. 80.00 13 36 11.58 5 60.00
16. 80.00 16 31 10.97 5 20.00
16. 80.00 17 28 9.58 5 40.00
16. 83.33 15 40 11.54 6 50.00
17. 100.00 12 31 11.84 4 75.00
17. 100.00 13 37 10.13 5 40.00
17. 100.00 22 9 8.53 2 100.00
17. 100.00 33 6 7.64 2 50.00
17. 45.45 16 65 12.09 11 45.45
17. 50.00 28 28 9.23 8 37.50
17. 50.00 36 11 7.83 4 25.00
17. 54.55 26 41 11.25 11 45.45
17. 60.00 17 28 9.23 5 60.00
17. 66.67 20 29 10.13 6 50.00
17. 66.67 20 29 10.64 6 66.67
17. 66.67 21 41 12.21 9 33.33
17. 70.00 35 28 12.35 10 40.00
17. 71.43 17 41 11.73 7 42.86
17. 75.00 6 65 12.59 4 75.00
17. 80.00 16 31 9.39 5 60.00
18. 100.00 12 31 9.47 4 50.00
18. 100.00 18 11 9.30 2 100.00
18. 100.00 7 40 10.00 3 66.67
18. 100.00 7 40 10.00 3 66.67
18. 42.86 35 40 10.00 14 28.57
18. 42.86 35 40 10.00 14 28.57
18. 45.45 33 33 10.70 11 27.27
18. 50.00 25 31 10.86 8 25.00
18. 50.00 27 29 10.50 8 12.50
18. 60.00 15 33 9.67 5 60.00
18. 62.50 27 29 9.63 8 37.50
18. 66.67 22 40 10.00 9 22.22
18. 66.67 22 40 10.00 9 22.22
18. 71.43 17 40 10.00 7 42.86
18. 71.43 17 40 10.00 7 42.86
18. 71.43 17 40 11.07 7 42.86
18. 71.43 24 29 9.63 7 14.29
18. 75.00 12 33 11.73 4 50.00
18. 75.00 22 36 12.53 8 37.50
18. 75.00 9 42 11.64 4 75.00
18. 77.78 31 29 12.50 9 22.22
18. 80.00 12 40 11.07 5 60.00
18. 80.00 15 33 10.19 5 60.00
18. 83.33 18 33 12.25 6 33.33
18. 85.71 17 40 10.00 7 28.57
18. 85.71 17 40 10.00 7 28.57
19. 100.00 11 36 10.20 4 50.00
19. 100.00 11 36 10.20 4 50.00
19. 100.00 11 36 11.64 4 75.00
19. 100.00 11 36 11.64 4 75.00
19. 100.00 12 31 10.47 4 50.00
19. 100.00 7 39 10.57 3 66.67
19. 100.00 7 40 11.00 3 100.00
19. 100.00 7 40 11.00 3 100.00
19. 100.00 7 41 10.76 3 100.00
19. 100.00 9 41 10.76 4 75.00
19. 50.00 21 28 10.27 6 33.33
19. 60.00 25 40 11.00 10 20.00
19. 60.00 25 40 11.00 10 20.00
19. 60.00 32 31 11.84 10 40.00
19. 62.50 12 65 11.58 8 37.50
19. 62.50 20 40 11.50 8 25.00
19. 62.50 20 40 11.50 8 25.00
19. 62.50 28 28 10.59 8 25.00
19. 66.67 21 28 11.10 6 33.33
19. 66.67 22 40 11.00 9 33.33
19. 66.67 22 40 11.00 9 33.33
19. 66.67 33 9 8.01 3 66.67
19. 71.43 18 37 13.17 7 57.14
19. 75.00 11 36 10.62 4 50.00
19. 75.00 14 28 10.59 4 50.00
19. 80.00 12 39 10.57 5 60.00
19. 80.00 13 37 10.64 5 40.00
19. 80.00 13 37 10.64 5 60.00
20. 100.00 10 29 10.50 3 66.67
20. 100.00 11 17 8.46 2 100.00
20. 100.00 12 40 10.59 5 40.00
20. 100.00 18 11 8.81 2 100.00
20. 100.00 18 27 10.63 5 40.00
20. 100.00 18 27 10.63 5 40.00
20. 100.00 22 9 8.53 2 100.00
20. 100.00 22 9 8.53 2 100.00
20. 100.00 22 9 8.53 2 100.00
20. 100.00 22 9 8.53 2 100.00
20. 100.00 22 9 8.53 2 100.00
20. 100.00 22 9 8.53 2 100.00
20. 100.00 22 9 8.53 2 100.00
20. 100.00 6 31 10.37 2 100.00
20. 100.00 7 40 10.00 3 100.00
20. 100.00 7 40 10.00 3 100.00
20. 100.00 7 40 10.00 3 100.00
20. 100.00 7 40 10.00 3 100.00
20. 100.00 7 40 10.00 3 66.67
20. 100.00 7 40 10.00 3 66.67
20. 100.00 7 41 10.76 3 33.33
20. 100.00 7 41 10.76 3 66.67
20. 100.00 8 36 11.16 3 66.67
20. 100.00 8 36 11.16 3 66.67
20. 100.00 8 36 9.72 3 66.67
20. 100.00 8 36 9.72 3 66.67
20. 100.00 9 31 10.86 3 100.00
20. 45.45 35 31 11.35 11 45.45
20. 46.67 48 31 11.35 15 26.67
20. 47.62 51 41 11.73 21 19.05
20. 50.00 20 29 10.00 6 50.00
20. 53.85 44 29 11.01 13 23.08
20. 54.55 33 33 10.19 11 9.09
20. 54.55 37 29 11.01 11 36.36
20. 57.14 19 36 11.10 7 28.57
20. 57.14 19 36 11.10 7 42.86
20. 57.14 19 36 9.72 7 42.86
20. 57.14 19 36 9.72 7 42.86
20. 57.14 35 40 12.49 14 21.43
20. 60.00 12 40 11.00 5 60.00
20. 60.00 12 40 11.00 5 60.00
20. 60.00 25 40 12.02 10 30.00
20. 61.54 44 29 11.01 13 23.08
20. 69.23 36 36 11.16 13 23.08
20. 69.23 36 36 11.16 13 23.08
20. 70.00 30 33 10.19 10 20.00
20. 71.43 17 40 11.50 7 42.86
20. 71.43 17 40 11.50 7 42.86
20. 71.43 19 36 12.12 7 28.57
20. 71.43 19 36 12.12 7 28.57
20. 75.00 10 40 10.59 4 75.00
20. 75.00 14 28 9.23 4 75.00
20. 75.00 47 17 9.95 8 25.00
20. 80.00 13 36 9.72 5 40.00
20. 80.00 13 36 9.72 5 40.00
20. 80.00 15 33 10.19 5 20.00
20. 80.00 17 28 10.79 5 60.00
20. 87.50 22 36 10.62 8 25.00
21. 100.00 10 40 11.50 4 75.00
21. 100.00 10 40 11.50 4 75.00
21. 100.00 12 33 11.22 4 75.00
21. 100.00 12 41 10.76 5 40.00
21. 100.00 14 27 9.61 4 50.00
21. 100.00 14 27 9.61 4 50.00
21. 100.00 17 29 9.63 5 20.00
21. 100.00 6 65 12.09 4 75.00
21. 100.00 8 36 10.68 3 66.67
21. 100.00 8 36 10.68 3 66.67
21. 100.00 8 36 11.64 3 100.00
21. 100.00 8 36 11.64 3 100.00
21. 100.00 8 36 9.72 3 66.67
21. 100.00 8 36 9.72 3 66.67
21. 100.00 8 37 11.14 3 100.00
21. 100.00 9 33 11.22 3 33.33
21. 100.00 9 33 11.22 3 33.33
21. 100.00 9 41 11.73 4 75.00
21. 45.45 29 37 10.13 11 36.36
21. 50.00 15 65 11.58 10 50.00
21. 50.00 22 36 11.16 8 37.50
21. 50.00 22 36 11.16 8 37.50
21. 50.00 22 36 12.60 8 37.50
21. 50.00 22 36 12.60 8 37.50
21. 50.00 27 37 11.14 10 40.00
21. 50.00 38 31 11.47 12 16.67
21. 55.56 24 37 11.14 9 33.33
21. 57.14 17 40 11.00 7 42.86
21. 57.14 17 40 11.00 7 42.86
21. 57.14 22 31 9.97 7 42.86
21. 57.14 22 31 9.97 7 42.86
21. 60.00 27 36 10.68 10 20.00
21. 60.00 27 36 10.68 10 20.00
21. 62.50 12 65 12.09 8 37.50
21. 62.50 25 31 9.97 8 37.50
21. 66.67 19 31 10.47 6 50.00
21. 66.67 22 27 9.61 6 50.00
21. 66.67 22 27 9.61 6 50.00
21. 66.67 32 28 10.59 9 33.33
21. 71.43 17 40 10.50 7 14.29
21. 71.43 17 40 10.50 7 14.29
21. 71.43 17 41 12.70 7 57.14
21. 71.43 24 29 11.51 7 42.86
21. 77.78 25 36 13.08 9 33.33
21. 77.78 25 36 13.08 9 33.33
21. 80.00 12 39 10.10 5 40.00
21. 80.00 12 41 11.25 5 80.00
21. 80.00 13 37 11.65 5 60.00
21. 80.00 15 33 9.67 5 40.00
21. 80.00 16 31 10.97 5 60.00
21. 80.00 17 28 10.09 5 40.00
21. 83.33 18 33 10.70 6 66.67
21. 83.33 20 29 10.64 6 50.00
21. 85.71 17 39 12.93 7 14.29
22. 100.00 10 29 10.51 3 100.00
22. 100.00 11 36 9.67 4 50.00
22. 100.00 12 33 9.67 4 50.00
22. 100.00 18 11 8.81 2 100.00
22. 100.00 22 9 7.49 2 100.00
22. 100.00 22 9 8.53 2 100.00
22. 100.00 22 9 8.53 2 100.00
22. 100.00 22 9 8.53 2 100.00
22. 100.00 22 9 8.53 2 100.00
22. 100.00 33 9 8.01 3 33.33
22. 100.00 5 40 10.12 2 100.00
22. 100.00 5 40 10.12 2 100.00
22. 100.00 6 29 10.51 2 100.00
22. 100.00 6 65 11.58 4 25.00
22. 100.00 6 65 12.09 4 75.00
22. 100.00 6 65 12.09 4 75.00
22. 100.00 8 36 12.12 3 100.00
22. 100.00 8 36 12.12 3 100.00
22. 100.00 8 36 12.12 3 100.00
22. 100.00 8 36 12.12 3 100.00
22. 100.00 9 31 10.86 3 100.00
22. 42.86 58 36 12.05 21 28.57
22. 50.00 15 65 12.09 10 40.00
22. 50.00 19 31 9.47 6 33.33
22. 50.00 48 41 11.25 20 15.00
22. 54.55 35 31 10.86 11 27.27
22. 57.14 17 40 11.54 7 28.57
22. 57.14 17 41 10.76 7 28.57
22. 57.14 48 29 10.51 14 7.14
22. 60.00 13 36 9.72 5 60.00
22. 60.00 13 36 9.72 5 60.00
22. 62.50 27 29 9.52 8 25.00
22. 66.67 29 31 9.47 9 11.11
22. 66.67 33 9 7.49 3 33.33
22. 66.67 33 9 7.49 3 33.33
22. 66.67 33 9 9.05 3 66.67
22. 71.43 17 41 11.25 7 57.14
22. 71.43 19 36 12.05 7 42.86
22. 71.43 24 29 10.51 7 42.86
22. 72.73 37 29 10.51 11 18.18
22. 75.00 10 40 10.59 4 75.00
22. 75.00 11 36 12.05 4 75.00
22. 75.00 11 36 9.72 4 75.00
22. 75.00 11 36 9.72 4 75.00
22. 77.78 22 40 12.02 9 22.22
22. 80.00 12 40 10.12 5 60.00
22. 80.00 15 33 9.67 5 20.00
22. 80.00 16 31 11.47 5 60.00
22. 80.00 16 31 9.47 5 40.00
22. 80.00 25 40 12.02 10 30.00
22. 83.33 18 33 9.67 6 16.67
22. 83.33 22 27 9.61 6 33.33
22. 83.33 22 27 9.61 6 33.33
23. 100.00 10 29 10.13 3 33.33
23. 100.00 11 36 11.10 4 50.00
23. 100.00 7 42 10.63 3 100.00
23. 100.00 8 36 11.10 3 66.67
23. 100.00 9 31 9.47 3 66.67
23. 100.00 9 33 11.22 3 33.33
23. 100.00 9 41 11.25 4 50.00
23. 50.00 19 31 9.47 6 33.33
23. 50.00 34 41 11.25 14 21.43
23. 53.33 37 40 10.00 15 6.67
23. 53.33 37 40 10.00 15 6.67
23. 56.25 39 41 10.28 16 25.00
23. 56.25 39 41 10.76 16 18.75
23. 60.00 16 31 10.97 5 60.00
23. 60.00 32 31 11.47 10 40.00
23. 60.00 32 31 9.97 10 30.00
23. 62.50 29 27 9.61 8 12.50
23. 62.50 29 27 9.61 8 12.50
23. 63.64 39 28 10.09 11 27.27
23. 66.67 15 39 11.02 6 66.67
23. 66.67 19 31 9.47 6 33.33
23. 66.67 21 28 9.23 6 33.33
23. 66.67 35 42 11.14 15 26.67
23. 71.43 19 36 13.00 7 42.86
23. 71.43 21 33 10.70 7 14.29
23. 75.00 10 37 11.14 4 75.00
23. 80.00 15 33 10.19 5 60.00
23. 80.00 16 31 10.97 5 20.00
23. 80.00 17 28 9.58 5 20.00
23. 80.00 18 27 9.61 5 40.00
23. 80.00 18 27 9.61 5 40.00
23. 83.33 16 36 11.10 6 33.33
23. 83.33 20 29 10.64 6 50.00
23. 85.71 17 40 10.00 7 28.57
23. 85.71 17 40 10.00 7 28.57
24. 100.00 10 29 10.02 3 66.67
24. 100.00 10 29 10.51 3 100.00
24. 100.00 11 17 8.46 2 100.00
24. 100.00 18 11 8.81 2 100.00
24. 100.00 18 11 8.81 2 100.00
24. 100.00 22 9 8.01 2 50.00
24. 100.00 22 9 8.53 2 100.00
24. 100.00 22 9 8.53 2 100.00
24. 100.00 33 9 7.49 3 33.33
24. 100.00 37 8 7.01 3 33.33
24. 100.00 5 36 9.67 2 100.00
24. 100.00 7 39 10.57 3 66.67
24. 100.00 8 36 10.15 3 66.67
24. 100.00 8 36 11.16 3 100.00
24. 100.00 8 36 11.16 3 100.00
24. 100.00 8 36 9.72 3 66.67
24. 100.00 8 36 9.72 3 66.67
24. 100.00 8 36 9.72 3 66.67
24. 100.00 8 36 9.72 3 66.67
24. 100.00 8 37 10.13 3 33.33
24. 100.00 9 31 10.37 3 100.00
24. 100.00 9 31 9.39 3 33.33
24. 100.00 9 31 9.88 3 66.67
24. 42.11 57 33 10.70 19 10.53
24. 44.44 25 36 11.58 9 33.33
24. 50.00 16 36 11.16 6 50.00
24. 50.00 16 36 11.16 6 50.00
24. 52.94 43 39 10.55 17 23.53
24. 54.55 40 27 10.12 11 27.27
24. 54.55 40 27 10.12 11 27.27
24. 55.56 29 31 10.37 9 33.33
24. 57.14 19 36 11.58 7 57.14
24. 58.33 33 36 9.67 12 33.33
24. 60.00 29 17 8.46 5 40.00
24. 62.50 20 39 10.57 8 37.50
24. 62.50 25 31 9.39 8 25.00
24. 63.64 37 29 10.02 11 27.27
24. 64.29 33 42 11.64 14 14.29
24. 66.67 16 37 11.14 6 33.33
24. 66.67 19 31 9.39 6 50.00
24. 66.67 33 36 10.15 12 25.00
24. 66.67 33 36 11.10 12 25.00
24. 66.67 33 9 7.49 3 33.33
24. 66.67 33 9 7.49 3 66.67
24. 66.67 33 9 8.01 3 66.67
24. 66.67 37 8 7.01 3 66.67
24. 66.67 37 8 8.09 3 66.67
24. 66.67 42 7 6.98 3 33.33
24. 70.00 37 27 10.12 10 20.00
24. 70.00 37 27 10.12 10 20.00
24. 71.43 17 40 10.59 7 57.14
24. 75.00 11 36 10.20 4 50.00
24. 75.00 11 36 10.20 4 50.00
24. 75.00 23 17 9.46 4 75.00
24. 75.00 24 33 10.70 8 12.50
24. 80.00 12 40 10.59 5 60.00
24. 80.00 16 31 10.47 5 40.00
24. 80.00 16 31 9.47 5 40.00
24. 80.00 16 31 9.47 5 40.00
24. 83.33 14 42 10.12 6 33.33
24. 83.33 22 27 10.12 6 33.33
24. 83.33 22 27 10.12 6 33.33
24. 83.33 22 27 10.12 6 50.00
24. 83.33 22 27 10.12 6 50.00
25. 100.00 10 28 9.23 3 66.67
25. 100.00 10 29 9.52 3 33.33
25. 100.00 11 27 11.65 3 100.00
25. 100.00 11 27 11.65 3 100.00
25. 100.00 11 27 9.61 3 100.00
25. 100.00 11 27 9.61 3 100.00
25. 100.00 11 36 10.68 4 50.00
25. 100.00 11 36 10.68 4 50.00
25. 100.00 15 39 10.10 6 33.33
25. 100.00 18 11 8.32 2 100.00
25. 100.00 18 11 8.32 2 100.00
25. 100.00 22 9 7.49 2 50.00
25. 100.00 25 8 7.01 2 50.00
25. 100.00 25 8 7.55 2 100.00
25. 100.00 28 7 6.46 2 50.00
25. 100.00 28 7 6.46 2 50.00
25. 100.00 28 7 6.98 2 50.00
25. 100.00 28 7 6.98 2 50.00
25. 100.00 4 41 10.28 2 100.00
25. 100.00 5 39 10.10 2 100.00
25. 100.00 5 39 10.10 2 100.00
25. 100.00 5 39 10.10 2 100.00
25. 100.00 7 41 10.76 3 100.00
25. 100.00 8 36 9.67 3 66.67
25. 100.00 9 42 11.64 4 75.00
25. 37.50 20 39 10.10 8 37.50
25. 42.86 50 28 10.09 14 21.43
25. 45.45 33 33 10.19 11 27.27
25. 47.06 41 41 10.76 17 29.41
25. 50.00 25 31 9.97 8 37.50
25. 50.00 34 41 10.76 14 28.57
25. 50.00 57 7 6.46 4 50.00
25. 52.38 32 65 12.09 21 14.29
25. 52.63 47 40 11.07 19 10.53
25. 60.00 13 36 10.68 5 60.00
25. 60.00 13 36 10.68 5 60.00
25. 60.00 13 36 11.16 5 60.00
25. 60.00 13 36 11.16 5 60.00
25. 60.00 27 36 10.62 10 30.00
25. 64.71 58 29 10.02 17 17.65
25. 66.67 14 41 10.76 6 66.67
25. 66.67 19 31 9.97 6 50.00
25. 66.67 23 39 11.04 9 22.22
25. 66.67 33 27 9.61 9 33.33
25. 66.67 33 27 9.61 9 33.33
25. 70.00 35 28 9.75 10 20.00
25. 71.43 10 65 11.08 7 42.86
25. 71.43 22 31 9.88 7 42.86
25. 71.43 24 29 11.51 7 28.57
25. 75.00 10 39 10.10 4 50.00
25. 75.00 11 36 11.10 4 75.00
25. 75.00 13 29 9.52 4 75.00
25. 75.00 14 28 9.58 4 50.00
25. 75.00 9 41 10.28 4 75.00
25. 75.00 9 42 10.63 4 75.00
25. 80.00 12 41 10.76 5 60.00
25. 83.33 16 36 10.68 6 50.00
25. 83.33 16 36 10.68 6 50.00
25. 83.33 9 65 11.08 6 50.00
25. 87.50 20 39 11.04 8 37.50
26. 100.00 10 28 9.23 3 66.67
26. 100.00 10 28 9.23 3 66.67
26. 100.00 10 28 9.58 3 66.67
26. 100.00 10 29 9.51 3 33.33
26. 100.00 14 28 9.23 4 50.00
26. 100.00 16 36 10.15 6 33.33
26. 100.00 7 40 10.00 3 100.00
26. 100.00 7 40 10.00 3 100.00
26. 100.00 7 41 10.76 3 66.67
26. 100.00 7 41 10.76 3 66.67
26. 100.00 8 36 11.16 3 100.00
26. 100.00 8 36 11.16 3 100.00
26. 100.00 8 37 10.13 3 33.33
26. 100.00 9 33 9.67 3 66.67
26. 38.89 50 36 10.62 18 11.11
26. 44.44 25 36 10.62 9 33.33
26. 45.45 39 28 9.75 11 27.27
26. 46.15 44 29 10.02 13 15.38
26. 50.00 25 40 12.00 10 30.00
26. 50.00 25 40 12.00 10 30.00
26. 50.00 27 29 10.02 8 37.50
26. 50.00 41 29 9.52 12 33.33
26. 50.00 44 9 8.01 4 50.00
26. 50.00 45 31 10.47 14 28.57
26. 50.00 45 31 9.39 14 35.71
26. 57.14 17 40 11.00 7 57.14
26. 57.14 17 40 11.00 7 57.14
26. 57.14 21 33 9.67 7 14.29
26. 57.14 21 33 9.67 7 57.14
26. 57.14 45 31 10.47 14 21.43
26. 60.00 12 40 11.00 5 60.00
26. 60.00 12 40 11.00 5 60.00
26. 60.00 13 36 9.72 5 60.00
26. 60.00 13 36 9.72 5 60.00
26. 62.50 19 42 11.14 8 25.00
26. 62.50 20 40 10.00 8 37.50
26. 62.50 20 40 10.00 8 37.50
26. 66.67 16 36 10.62 6 50.00
26. 66.67 16 36 9.72 6 16.67
26. 66.67 16 36 9.72 6 16.67
26. 66.67 16 37 10.13 6 50.00
26. 66.67 19 31 9.47 6 50.00
26. 66.67 20 29 10.02 6 50.00
26. 66.67 29 41 10.28 12 25.00
26. 66.67 37 40 10.00 15 13.33
26. 66.67 37 40 10.00 15 13.33
26. 70.00 25 40 10.00 10 40.00
26. 70.00 25 40 10.00 10 40.00
26. 71.43 18 37 12.66 7 57.14
26. 71.43 19 36 11.16 7 14.29
26. 71.43 19 36 11.16 7 14.29
26. 75.00 10 37 10.13 4 50.00
26. 75.00 10 40 10.50 4 75.00
26. 75.00 10 40 10.50 4 75.00
26. 75.00 11 36 10.15 4 75.00
26. 75.00 12 31 9.47 4 50.00
26. 75.00 14 28 9.23 4 75.00
26. 75.00 24 33 10.19 8 37.50
26. 80.00 12 40 11.00 5 60.00
26. 80.00 12 40 11.00 5 60.00
26. 80.00 13 37 11.14 5 40.00
26. 80.00 17 29 9.63 5 20.00
26. 81.82 27 40 11.00 11 9.09
26. 81.82 27 40 11.00 11 9.09
26. 83.33 15 39 10.57 6 50.00
26. 83.33 16 37 10.64 6 50.00
26. 83.33 21 28 9.23 6 33.33
26. 85.71 17 40 10.00 7 42.86
26. 85.71 17 40 10.00 7 42.86
26. 85.71 17 40 10.00 7 42.86
26. 85.71 17 40 10.00 7 42.86
26. 85.71 21 33 10.19 7 14.29
26. 90.00 25 40 10.00 10 20.00
26. 90.00 25 40 10.00 10 20.00
27. 100.00 10 28 9.23 3 66.67
27. 100.00 10 28 9.75 3 66.67
27. 100.00 11 17 8.46 2 100.00
27. 100.00 11 17 8.46 2 100.00
27. 100.00 11 36 9.67 4 50.00
27. 100.00 13 29 10.02 4 25.00
27. 100.00 14 28 9.75 4 50.00
27. 100.00 17 17 8.46 3 66.67
27. 100.00 22 9 7.49 2 100.00
27. 100.00 22 9 8.01 2 100.00
27. 100.00 28 7 6.46 2 50.00
27. 100.00 42 7 6.46 3 33.33
27. 100.00 4 41 10.28 2 100.00
27. 100.00 5 36 9.72 2 100.00
27. 100.00 5 36 9.72 2 100.00
27. 100.00 7 28 9.23 2 100.00
27. 100.00 8 36 10.20 3 100.00
27. 100.00 8 36 10.20 3 100.00
27. 100.00 8 36 9.67 3 66.67
27. 100.00 9 31 9.39 3 66.67
27. 100.00 9 41 10.28 4 50.00
27. 40.00 32 31 9.39 10 30.00
27. 40.00 32 31 9.88 10 30.00
27. 42.86 22 31 9.47 7 42.86
27. 44.44 22 40 10.00 9 33.33
27. 44.44 22 40 10.00 9 33.33
27. 45.45 35 31 9.88 11 36.36
27. 50.00 27 36 10.68 10 20.00
27. 50.00 27 36 10.68 10 20.00
27. 50.00 34 29 9.52 10 40.00
27. 50.00 44 36 9.67 16 18.75
27. 53.85 36 36 10.68 13 15.38
27. 53.85 36 36 10.68 13 15.38
27. 54.55 26 41 10.28 11 18.18
27. 57.14 19 36 10.15 7 42.86
27. 57.14 19 36 9.67 7 42.86
27. 57.14 19 36 9.67 7 42.86
27. 57.14 21 33 9.67 7 57.14
27. 57.14 25 27 9.61 7 28.57
27. 57.14 25 27 9.61 7 28.57
27. 57.14 25 28 9.23 7 28.57
27. 57.14 41 17 8.46 7 28.57
27. 60.00 13 36 10.15 5 40.00
27. 60.00 13 36 9.67 5 60.00
27. 60.00 13 36 9.72 5 40.00
27. 60.00 13 36 9.72 5 40.00
27. 60.00 25 39 10.08 10 40.00
27. 62.50 24 33 9.67 8 25.00
27. 66.67 11 27 9.61 3 66.67
27. 66.67 11 27 9.61 3 66.67
27. 66.67 16 36 9.67 6 33.33
27. 66.67 16 36 9.67 6 50.00
27. 66.67 16 37 10.13 6 33.33
27. 66.67 19 31 9.88 6 16.67
27. 66.67 19 31 9.88 6 16.67
27. 66.67 21 28 9.23 6 33.33
27. 66.67 21 42 10.63 9 11.11
27. 70.00 27 36 10.62 10 20.00
27. 71.43 17 40 10.50 7 42.86
27. 71.43 17 40 10.50 7 42.86
27. 75.00 11 36 10.20 4 50.00
27. 75.00 11 36 10.20 4 50.00
27. 75.00 11 36 10.68 4 50.00
27. 75.00 11 36 10.68 4 50.00
27. 75.00 12 31 9.47 4 50.00
27. 75.00 22 36 13.00 8 25.00
27. 75.00 23 17 8.46 4 75.00
27. 75.00 29 41 10.28 12 25.00
27. 80.00 13 37 10.13 5 60.00
27. 80.00 16 31 9.47 5 20.00
27. 80.00 16 31 9.47 5 40.00
27. 80.00 17 29 9.52 5 60.00
27. 80.00 29 17 8.46 5 40.00
27. 83.33 14 42 10.63 6 50.00
27. 83.33 15 40 10.12 6 50.00
27. 85.71 19 36 10.20 7 28.57
27. 85.71 19 36 10.20 7 28.57
28. 100.00 4 65 11.08 3 33.33
28. 100.00 5 36 9.72 2 100.00
28. 100.00 5 36 9.72 2 100.00
28. 37.50 44 36 9.67 16 18.75
28. 43.75 24 65 12.59 16 18.75
28. 50.00 50 8 7.01 4 50.00
28. 54.55 26 42 10.12 11 18.18
28. 57.14 22 31 9.39 7 28.57
28. 57.14 22 31 9.47 7 42.86
28. 60.00 17 28 9.23 5 40.00
28. 60.00 27 36 9.72 10 30.00
28. 60.00 27 36 9.72 10 30.00
28. 63.64 26 42 10.12 11 18.18
28. 66.67 9 31 9.47 3 66.67
28. 75.00 11 36 9.67 4 50.00
28. 80.00 13 36 10.68 5 60.00
28. 80.00 13 36 10.68 5 60.00
29. 100.00 13 36 11.64 5 40.00
29. 100.00 13 36 11.64 5 40.00
29. 100.00 5 36 9.67 2 100.00
29. 80.00 13 36 11.58 5 60.00
30. 57.14 22 31 9.39 7 42.86
30. 66.67 16 37 10.64 6 66.67
30. 66.67 24 37 11.14 9 33.33
30. 75.00 14 28 9.23 4 25.00
30. 85.71 17 40 12.02 7 57.14
31. 50.00 20 29 9.51 6 16.67
31. 55.56 13 65 12.09 9 33.33
32. 100.00 11 36 9.67 4 50.00
32. 55.56 25 36 10.68 9 33.33
32. 55.56 25 36 10.68 9 33.33
32. 57.14 19 36 11.16 7 57.14
32. 57.14 19 36 11.16 7 57.14
32. 60.00 13 36 9.67 5 40.00
32. 66.67 16 36 10.68 6 16.67
32. 66.67 16 36 10.68 6 16.67
32. 70.00 27 36 11.64 10 30.00
32. 70.00 27 36 11.64 10 30.00
33. 54.55 30 36 9.72 11 18.18
33. 54.55 30 36 9.72 11 18.18
33. 85.71 17 39 11.49 7 14.29
34. 66.67 31 29 10.50 9 44.44
35. 100.00 10 29 10.51 3 33.33
35. 100.00 5 36 9.72 2 100.00
35. 100.00 5 36 9.72 2 100.00
35. 60.00 7 65 11.58 5 40.00
36. 100.00 10 28 9.75 3 33.33
36. 66.67 16 36 9.72 6 16.67
36. 66.67 16 36 9.72 6 16.67
36. 80.00 13 36 9.72 5 40.00
36. 80.00 13 36 9.72 5 40.00
36. 80.00 24 41 10.76 10 10.00
37. 100.00 11 36 9.72 4 25.00
37. 100.00 11 36 9.72 4 25.00
37. 53.33 23 65 11.08 15 26.67
37. 66.67 9 65 12.59 6 33.33
37. 75.00 10 37 10.64 4 75.00
37. 75.00 6 65 12.09 4 50.00
37. 83.33 16 37 10.64 6 50.00
38. 50.00 16 37 10.13 6 50.00
38. 66.67 9 65 11.08 6 50.00
38. 71.43 21 33 10.70 7 14.29
38. 71.43 22 31 9.47 7 14.29
39. 100.00 8 36 10.62 3 66.67
39. 75.00 11 36 10.62 4 75.00
39. 75.00 13 29 10.02 4 50.00
40. 100.00 13 29 9.51 4 25.00
40. 60.00 25 39 10.57 10 40.00
40. 75.00 13 29 10.50 4 50.00
41. 57.14 17 39 10.55 7 28.57
41. 75.00 11 36 10.62 4 75.00
41. 83.33 15 40 10.59 6 16.67
42. 100.00 10 40 10.00 4 75.00
42. 100.00 10 40 10.00 4 75.00
42. 61.54 36 36 10.62 13 15.38
42. 75.00 10 40 10.00 4 75.00
42. 75.00 10 40 10.00 4 75.00
42. 75.00 6 65 12.09 4 75.00
43. 100.00 7 41 10.76 3 66.67
43. 71.43 19 36 9.72 7 28.57
43. 71.43 19 36 9.72 7 28.57
43. 80.00 12 41 10.76 5 60.00
43. 80.00 17 28 9.58 5 40.00
44. 100.00 12 33 10.19 4 50.00
44. 100.00 21 33 9.67 7 28.57
44. 44.44 25 36 10.15 9 44.44
44. 60.00 13 36 10.15 5 60.00
44. 60.00 16 31 9.47 5 60.00
44. 80.00 13 36 10.15 5 40.00
45. 100.00 8 36 9.67 3 66.67
45. 46.15 36 36 9.72 13 30.77
45. 46.15 36 36 9.72 13 30.77
45. 50.00 33 36 10.62 12 16.67
46. 100.00 4 41 10.28 2 100.00
46. 75.00 12 31 9.39 4 75.00
47. 100.00 5 36 9.72 2 100.00
47. 100.00 5 36 9.72 2 100.00
47. 100.00 6 65 11.08 4 25.00
47. 60.00 13 36 9.72 5 40.00
47. 60.00 13 36 9.72 5 40.00
47. 83.33 15 40 10.12 6 16.67
47. 83.33 9 65 11.58 6 50.00
50. 100.00 11 36 9.72 4 50.00
50. 100.00 11 36 9.72 4 50.00
50. 100.00 5 36 9.67 2 100.00
50. 100.00 8 36 9.72 3 66.67
50. 100.00 8 36 9.72 3 66.67
51. 100.00 5 36 9.67 2 100.00
51. 100.00 7 40 10.00 3 100.00
51. 100.00 7 40 10.00 3 100.00
51. 60.00 12 40 10.00 5 40.00
51. 60.00 12 40 10.00 5 40.00
51. 75.00 10 37 10.13 4 50.00
53. 62.50 12 65 11.08 8 12.50
53. 66.67 32 28 9.23 9 11.11
54. 83.33 16 37 10.13 6 50.00
76. 100.00 14 28 9.23 4 50.00
76. 100.00 7 28 9.23 2 100.00
85. 66.67 21 28 9.23 6 50.00
